0.6230543851852417
0.2593977153301239
0.8149858117103577
0.5503549575805664
0.7773872017860413
0.20086325705051422
0.15618905425071716
0.5525874495506287
0.41274553537368774
0.5449457168579102
0.08351239562034607
0.4072971045970917
0.22991646826267242
0.7011023163795471
0.1328461915254593
0.9018170237541199
0.8238998055458069
0.5601246356964111
0.3265646994113922
0.14622217416763306
0.11991696804761887
0.278302401304245
0.16236352920532227
0.4044094979763031
0.6817981004714966
0.26296696066856384
0.2409677803516388
0.6737923622131348
0.3307323455810547
0.777729332447052
0.91901695728302
0.899682343006134
0.19046582281589508
0.1414852738380432
0.8839981555938721
0.11166854947805405
0.955729603767395
0.6679314374923706
0.06873221695423126
0.867429256439209
0.8948647975921631
0.8599408864974976
0.891315221786499
0.037707194685935974
0.5820150375366211
0.8477423191070557
0.5455878376960754
0.8086456656455994
0.865918755531311
0.4043178856372833
0.8596624732017517
0.15535755455493927
0.11853045970201492
0.587741494178772
0.8853117227554321
0.7682731747627258
0.7814378142356873
0.567387580871582
0.1886550784111023
0.8878244757652283
0.3919728994369507
0.9596678614616394
0.8850275874137878
0.8235611319541931
0.11282028257846832
0.378815233707428
0.052073556929826736
0.8638399839401245
0.0236857607960701
0.655535876750946
0.9288207292556763
0.8698523640632629
0.45851877331733704
0.822688102722168
0.5874326825141907
0.34230682253837585
0.2009136974811554
0.037774138152599335
0.908436119556427
0.10768505930900574
0.050314854830503464
0.2201656997203827
0.6472036838531494
0.14721882343292236
0.8833242058753967
0.2655441462993622
0.6577029228210449
0.9578383564949036
0.17872577905654907
0.12403906881809235
0.4860359728336334
0.12816128134727478
0.4940820336341858
0.8361490964889526
0.5549219846725464
0.7890955805778503
0.0812298133969307
0.23337534070014954
0.9101846218109131
0.009329556487500668
0.281769722700119
0.2049860656261444
0.455020546913147
0.11336252093315125
0.018676551058888435
0.04346707835793495
0.4982873499393463
0.24204733967781067
0.48287323117256165
0.7556934952735901
0.9149776101112366
0.8831532001495361
0.5281956791877747
0.5976821184158325
0.7128534317016602
0.03833360970020294
0.850512683391571
0.19939082860946655
0.18221250176429749
0.3604576885700226
0.20856672525405884
0.713142454624176
0.03542808070778847
0.9175997972488403
0.7005665898323059
0.9763319492340088
0.9589415788650513
0.9686265587806702
0.9769351482391357
0.8695306181907654
0.16647762060165405
0.0688452422618866
0.04924800246953964
0.01809438318014145
0.0684974417090416
0.4594365656375885
0.3017699420452118
0.21379250288009644
0.9559614658355713
0.026877248659729958
0.10194002836942673
0.24729545414447784
0.031549181789159775
0.9401337504386902
0.08813857287168503
0.9186682105064392
0.2645944654941559
0.1573067456483841
0.8829386234283447
0.48147568106651306
0.7946518063545227
0.4009184241294861
0.6346518397331238
0.9009292125701904
0.47894901037216187
0.3617476224899292
0.09595125913619995
0.07508939504623413
0.289262980222702
0.12612290680408478
0.8704856634140015
0.5642139315605164
0.12373622506856918
0.0709208995103836
0.6200729012489319
0.15486550331115723
0.7031552791595459
0.44364601373672485
0.9203004837036133
0.040657322853803635
0.2186422497034073
0.26705965399742126
0.29733410477638245
0.2488936334848404
0.18458467721939087
0.392935574054718
0.07901623845100403
0.07924594730138779
0.40823787450790405
0.8340943455696106
0.8076153993606567
0.9235026836395264
0.9226803183555603
0.03174719214439392
0.08884091675281525
0.9376957416534424
0.8092747926712036
0.9038493037223816
0.10781381279230118
0.030315790325403214
0.8079469203948975
0.0751831904053688
0.868876576423645
0.895763635635376
0.5153304934501648
0.3308839797973633
0.21342173218727112
0.024975864216685295
0.6085348725318909
0.9528272151947021
0.0999997928738594
0.3695433437824249
0.020411277189850807
0.3643759787082672
0.8349301815032959
0.09021598845720291
0.05857478082180023
0.21771758794784546
0.1709841638803482
0.057666584849357605
0.09696613997220993
0.09167320281267166
0.9666211605072021
0.07480970025062561
0.20016273856163025
0.07661780714988708
0.05307243391871452
0.9082856774330139
0.7940242886543274
0.05849926173686981
0.06963891535997391
0.6770493388175964
0.13419659435749054
0.9288216829299927
0.22761978209018707
0.9633211493492126
0.9635158181190491
0.24612361192703247
0.8233397603034973
0.778614342212677
0.12237732857465744
0.010951150208711624
0.5877516269683838
0.06045190617442131
0.4957484006881714
0.9086416959762573
0.19005325436592102
0.8347837924957275
0.06165305897593498
0.16441752016544342
0.01766609400510788
0.026722732931375504
0.14935125410556793
0.12204176932573318
0.3770453929901123
0.3287294805049896
0.994970977306366
0.9907828569412231
0.15630526840686798
0.7088332176208496
0.8220047354698181
0.6365305781364441
0.07124890387058258
0.03579084575176239
0.0605616569519043
0.016526658087968826
0.1922481656074524
0.21478907763957977
0.19211703538894653
0.5657370090484619
0.13247844576835632
0.5559619665145874
0.24459689855575562
0.9275534749031067
0.7443296909332275
0.08643748611211777
0.8113887906074524
0.6201179623603821
0.7343471050262451
0.3948953449726105
0.15868552029132843
0.19640487432479858
0.08297380805015564
0.11519135534763336
0.6373270153999329
0.25163570046424866
0.15354150533676147
0.5127904415130615
0.031705182045698166
0.6062390208244324
0.952820897102356
0.7794821262359619
0.8585426807403564
0.8664963245391846
0.16599181294441223
0.9170000553131104
0.7502692937850952
0.08092585951089859
0.0631994977593422
0.8939509987831116
0.77860426902771
0.6390102505683899
0.8781152367591858
0.06420313566923141
0.03512728586792946
0.26756566762924194
0.9161567687988281
0.14902274310588837
0.8094139695167542
0.4607510566711426
0.1910955309867859
0.5434923768043518
0.17756487429141998
0.18462958931922913
0.28022828698158264
0.7664473652839661
0.30888357758522034
0.43315228819847107
0.7022620439529419
0.901374101638794
0.07616930454969406
0.036806583404541016
0.7434279322624207
0.043356090784072876
0.7503073215484619
0.1797485500574112
0.02613011561334133
0.1697598546743393
0.9230000972747803
0.3085443377494812
0.5907948017120361
0.06390106678009033
0.13643503189086914
0.7572219371795654
0.05460803210735321
0.8978942036628723
0.5206329822540283
0.0431857630610466
0.2019781768321991
0.987015962600708
0.06366667151451111
0.04292222112417221
0.10677843540906906
0.1571972817182541
0.02017657831311226
0.03183187544345856
0.9910978674888611
0.9830030798912048
0.5184071063995361
0.177052840590477
0.7634193897247314
0.6894998550415039
0.9049712419509888
0.9252359867095947
0.15505780279636383
0.4475959539413452
0.3868476450443268
0.042827412486076355
0.1077224463224411
0.11599477380514145
0.9375952482223511
0.7117108106613159
0.8491281867027283
0.37828338146209717
0.4960138499736786
0.20651496946811676
0.04858856648206711
0.9927616119384766
0.43068376183509827
0.6267489790916443
0.14631110429763794
0.04738122597336769
0.9148348569869995
0.21812289953231812
0.8971748352050781
0.897515058517456
0.6383055448532104
0.8168689608573914
0.2809089124202728
0.04862017557024956
0.18939712643623352
0.6431618928909302
0.5748388171195984
0.7958450317382812
0.5737634301185608
0.568281888961792
0.4302977919578552
0.8967790603637695
0.10336568206548691
0.23033782839775085
0.014348815195262432
0.10012480616569519
0.20481331646442413
0.8622120022773743
0.8944929838180542
0.07770054787397385
0.8803210854530334
0.6890127658843994
0.09569016844034195
0.7769243121147156
0.6251800060272217
0.050064168870449066
0.013372885063290596
0.14330697059631348
0.9814459681510925
0.97825688123703
0.9092810153961182
0.11263517290353775
0.4363064467906952
0.8188729882240295
0.439067006111145
0.016083234921097755
0.9415852427482605
0.9127982258796692
0.10222791880369186
0.9661026000976562
0.33680227398872375
0.8728097081184387
0.9390851259231567
0.826550304889679
0.16765254735946655
0.2711547315120697
0.9268775582313538
0.7624516487121582
0.23798683285713196
0.6246864199638367
0.2897127866744995
0.6843130588531494
0.9116984605789185
0.7037454843521118
0.846074640750885
0.48560184240341187
0.909353494644165
0.9253891706466675
0.1450282633304596
0.04333074390888214
0.48016637563705444
0.28297320008277893
0.9797500967979431
0.6745575666427612
0.102283775806427
0.30567502975463867
0.14327777922153473
0.13196392357349396
0.20281273126602173
0.3627246022224426
0.9206529259681702
0.8851447701454163
0.9908681511878967
0.9889819622039795
0.02826038748025894
0.01995783858001232
0.22109340131282806
0.23252476751804352
0.3768625259399414
0.3025698661804199
0.6562869548797607
0.04519430175423622
0.3228802978992462
0.07391678541898727
0.2213010936975479
0.18752986192703247
0.3318292796611786
0.9057192206382751
0.9345873594284058
0.8394040465354919
0.6286157965660095
0.01914110779762268
0.1480998545885086
0.1319616436958313
0.14112943410873413
0.6064355373382568
0.49153777956962585
0.4427777826786041
0.8823211193084717
0.21232198178768158
0.8204598426818848
0.2703326642513275
0.2016463428735733
0.8426946401596069
0.7057688236236572
0.7575199604034424
0.7958813905715942
0.659610390663147
0.7513019442558289
0.754057765007019
0.7021862268447876
0.8836337924003601
0.07994282245635986
0.07117228209972382
0.02900133840739727
0.8638018369674683
0.22275972366333008
0.014801990240812302
0.1808357834815979
0.45457151532173157
0.46372419595718384
0.1511489897966385
0.05374379828572273
0.11172424256801605
0.15072761476039886
0.8800246715545654
0.02042975462973118
0.018767094239592552
0.017883632332086563
0.7276677489280701
0.2458825409412384
0.10555537045001984
0.2383718192577362
0.24704329669475555
0.8926234841346741
0.8607264757156372
0.15456579625606537
0.8348042368888855
0.15774306654930115
0.4366573095321655
0.07539387047290802
0.022430919110774994
0.2775784432888031
0.2801510989665985
0.8454535007476807
0.7689498662948608
0.36653539538383484
0.0344969779253006
0.08765718340873718
0.027142712846398354
0.2713479995727539
0.036437347531318665
0.19668802618980408
0.2978919744491577
0.883642315864563
0.4507521390914917
0.742834210395813
0.8300926685333252
0.09696436673402786
0.46216949820518494
0.25678154826164246
0.8251519203186035
0.6326473355293274
0.9157841205596924
0.028577642515301704
0.2283911108970642
0.8261723518371582
0.8144674301147461
0.851270318031311
0.7381293773651123
0.6645650863647461
0.16945523023605347
0.6457818150520325
0.25561079382896423
0.6329233646392822
0.05755021795630455
0.1508329212665558
0.5106394290924072
0.8547691702842712
0.7086212635040283
0.6959927082061768
0.20131932199001312
0.20140618085861206
0.8614765405654907
0.8348041772842407
0.8398162126541138
0.018094854429364204
0.4700057804584503
0.16854682564735413
0.19164583086967468
0.07684731483459473
0.8911246061325073
0.8696291446685791
0.03142810985445976
0.7600993514060974
0.09888812899589539
0.7005058526992798
0.07887761294841766
0.14785367250442505
0.10055947303771973
0.8593643307685852
0.12104719132184982
0.48026859760284424
0.3440864682197571
0.1270170360803604
0.9289042353630066
0.013058275915682316
0.8806400299072266
0.2107943445444107
0.6938931941986084
0.8755819797515869
0.29081255197525024
0.03288685530424118
0.01639382168650627
0.27371060848236084
0.9361364841461182
0.18579067289829254
0.1497611701488495
0.3331316411495209
0.10907868295907974
0.9181978702545166
0.14930929243564606
0.8881906867027283
0.1086677610874176
0.025515494868159294
0.9117860794067383
0.24396678805351257
0.06345915794372559
0.31570208072662354
0.02998574636876583
0.15303801000118256
0.03679283708333969
0.041199058294296265
0.6859679222106934
0.058077964931726456
0.8830636143684387
0.7046144008636475
0.18410828709602356
0.11484021693468094
0.20209148526191711
0.2093755602836609
0.2548098862171173
0.08395654708147049
0.20374339818954468
0.36801213026046753
0.032105520367622375
0.3548533320426941
0.8116919994354248
0.9637308120727539
0.9628168940544128
0.039588458836078644
0.04951693117618561
0.050543300807476044
0.02358682081103325
0.02600117214024067
0.04158216342329979
0.993753969669342
0.5818964838981628
0.7119017839431763
0.21523940563201904
0.516871988773346
0.08757307380437851
0.11579370498657227
0.072002112865448
0.14422430098056793
0.21349474787712097
0.8587301969528198
0.7188100814819336
0.3176781237125397
0.925629198551178
0.16932111978530884
0.6585672497749329
0.40549278259277344
0.650519073009491
0.3912825584411621
0.9362697601318359
0.6050240993499756
0.9790658950805664
0.06509535759687424
0.8863414525985718
0.15915971994400024
0.9055504202842712
0.9727957844734192
0.9792129993438721
0.9747603535652161
0.1327396184206009
0.10712539404630661
0.6523570418357849
0.10741458833217621
0.41430777311325073
0.05334044620394707
0.023153411224484444
0.5322177410125732
0.231810063123703
0.5986416339874268
0.08971881121397018
0.41951680183410645
0.2862550914287567
0.02666018344461918
0.043515220284461975
0.7121300101280212
0.6930780410766602
0.18727225065231323
0.04223643243312836
0.20627084374427795
0.36349788308143616
0.8559339046478271
0.19029948115348816
0.08714368939399719
0.6423366069793701
0.23590189218521118
0.8020449876785278
0.42814844846725464
0.8559712171554565
0.2357289046049118
0.8624667525291443
0.11748843640089035
0.21411800384521484
0.16588474810123444
0.015198801644146442
0.6673123836517334
0.6431692242622375
0.9457789659500122
0.5650892853736877
0.06302347779273987
0.2234262377023697
0.7331600189208984
0.5796797275543213
0.04840097576379776
0.6719517707824707
0.04859697073698044
0.0381622277200222
0.03557984158396721
0.9231162667274475
0.7519862055778503
0.9129073023796082
0.5211296677589417
0.16991132497787476
0.02254430204629898
0.4818657636642456
0.5761667490005493
0.3841955065727234
0.8165380954742432
0.15619516372680664
0.9401415586471558
0.6490130424499512
0.6652941107749939
0.832362174987793
0.9043662548065186
0.69806969165802
0.4748860001564026
0.18011720478534698
0.24694612622261047
0.25333544611930847
0.17778833210468292
0.9116225838661194
0.06309612840414047
0.023348279297351837
0.08606293797492981
0.9078032970428467
0.816723108291626
0.7931125164031982
0.4229528605937958
0.11655423045158386
0.02882302738726139
0.2917020916938782
0.04287208989262581
0.7833422422409058
0.14946496486663818
0.2756141424179077
0.5356260538101196
0.2143927812576294
0.12162505090236664
0.13294872641563416
0.08319006860256195
0.8613800406455994
0.9737938642501831
0.828808605670929
0.8414069414138794
0.867158055305481
0.0703340545296669
0.42593568563461304
0.8627021908760071
0.02013404853641987
0.899674654006958
0.06040128692984581
0.7279695272445679
0.8695089817047119
0.8261666893959045
0.08622241020202637
0.24109295010566711
0.6979324817657471
0.03818347677588463
0.8155733942985535
0.38867130875587463
0.3648262023925781
0.8735144138336182
0.13305430114269257
0.8917645215988159
0.2819627523422241
0.1737958788871765
0.8795249462127686
0.1801661252975464
0.58539879322052
0.2854968309402466
0.46777021884918213
0.4197910726070404
0.3809860944747925
0.5143738985061646
0.9547653198242188
0.029382117092609406
0.05371450260281563
0.05994025245308876
0.03303639590740204
0.1328359991312027
0.04875502735376358
0.2626363933086395
0.8977360129356384
0.09092838317155838
0.011576521210372448
0.16127584874629974
0.2574949860572815
0.14186105132102966
0.46606430411338806
0.8780081272125244
0.7088383436203003
0.10165323317050934
0.9093073606491089
0.11330118775367737
0.01978922262787819
0.6637670993804932
0.5359233617782593
0.06198263168334961
0.1344204992055893
0.028858622536063194
0.9181991219520569
0.3293660581111908
0.03409675881266594
0.7323690056800842
0.054400768131017685
0.06538645178079605
0.14190346002578735
0.3352490961551666
0.1595098227262497
0.03411959111690521
0.12306717038154602
0.04197173938155174
0.3477393686771393
0.12821292877197266
0.08908025175333023
0.8712599873542786
0.6267889142036438
0.28255072236061096
0.02995266765356064
0.10548651218414307
0.16720840334892273
0.26091644167900085
0.2734130024909973
0.03152410686016083
0.8420343995094299
0.07940030843019485
0.5101414918899536
0.27154281735420227
0.1613778918981552
0.22638201713562012
0.8587669730186462
0.08578059822320938
0.4536578953266144
0.8919496536254883
0.08559669554233551
0.3880108892917633
0.25829410552978516
0.020189965143799782
0.8336632251739502
0.7009069919586182
0.04469579458236694
0.7018397450447083
0.47081729769706726
0.024156711995601654
0.397291362285614
0.9313952326774597
0.021230682730674744
0.8760181069374084
0.3434973657131195
0.4349621832370758
0.11813047528266907
0.9624176025390625
0.3325601816177368
0.1076250821352005
0.5262038707733154
0.9171099066734314
0.09833209961652756
0.020720621570944786
0.8119394779205322
0.15125153958797455
0.5117791295051575
0.0754510909318924
0.8514530658721924
0.0951390489935875
0.013123465701937675
0.34168481826782227
0.8461688756942749
0.12876620888710022
0.08158332109451294
0.7875286936759949
0.49223893880844116
0.05093656852841377
0.4047096371650696
0.02319185435771942
0.9743553996086121
0.9852936267852783
0.24811533093452454
0.1429162472486496
0.02658630721271038
0.02280687727034092
0.8626512885093689
0.32033196091651917
0.0381094366312027
0.04083400219678879
0.054279159754514694
0.9647035598754883
0.05222894251346588
0.04809759557247162
0.13727791607379913
0.046417657285928726
0.02098618447780609
0.15662811696529388
0.9336426258087158
0.4010240137577057
0.14865702390670776
0.878044068813324
0.7921110391616821
0.043584637343883514
0.15415728092193604
0.18949885666370392
0.07241355627775192
0.029341591522097588
0.12282787263393402
0.2501763105392456
0.07534316182136536
0.4125218093395233
0.04441848024725914
0.14783184230327606
0.01909085549414158
0.05216802656650543
0.08438898622989655
0.037126731127500534
0.03376401960849762
0.05456744134426117
0.041998252272605896
0.4385084807872772
0.0328451544046402
0.7567760944366455
0.23321832716464996
0.9909577965736389
0.9815525412559509
0.9817931056022644
0.600786566734314
0.8229504823684692
0.06046797335147858
0.07071152329444885
0.0319928340613842
0.023776186630129814
0.029761340469121933
0.6855754256248474
0.8836893439292908
0.17099791765213013
0.6167530417442322
0.022429028525948524
0.19318334758281708
0.05880331993103027
0.23838970065116882
0.3232695460319519
0.98468017578125
0.8477155566215515
0.9323338270187378
0.9272720813751221
0.8719931244850159
0.035902705043554306
0.03304401785135269
0.12285253405570984
0.9178794026374817
0.1450602114200592
0.07584604620933533
0.1365833431482315
0.02459992654621601
0.031087705865502357
0.02245452255010605
0.11123839765787125
0.054103150963783264
0.45511022210121155
0.11925943940877914
0.10229072719812393
0.2182191163301468
0.9938771724700928
0.9938960671424866
0.9893220067024231
0.9832112789154053
0.97623610496521
0.03563348948955536
0.08558451384305954
0.2666930556297302
0.3688409924507141
0.027101336047053337
0.09029793739318848
0.07294000685214996
0.9772920608520508
0.9772788286209106
0.020267052575945854
0.46280452609062195
0.02213134802877903
0.09740033000707626
0.07437769323587418
0.01493879035115242
0.9911788105964661
0.981932520866394
0.1319662481546402
0.9897420406341553
0.9795086979866028
0.5240311026573181
0.057735588401556015
0.4954718053340912
0.7597825527191162
0.04730989411473274
0.044100672006607056
0.898239254951477
0.06496872752904892
0.9453784227371216
0.08717885613441467
0.17747539281845093
0.6498581767082214
0.6176283955574036
0.03445987030863762
0.9610413312911987
0.7581345438957214
0.9449401497840881
0.03649735823273659
0.34532061219215393
0.9601075649261475
0.9247334599494934
0.41663435101509094
0.8418992757797241
0.09220477938652039
0.41548922657966614
0.07072056084871292
0.9088400602340698
0.18000274896621704
0.3281446695327759
0.7929219007492065
0.945418119430542
0.9223694205284119
0.8609516620635986
0.09557164460420609
0.8021974563598633
0.2925262749195099
0.20639072358608246
0.5338537096977234
0.09990783035755157
0.2932867705821991
0.4576789438724518
0.06518097221851349
0.9305651783943176
0.017090298235416412
0.20154470205307007
0.020251059904694557
0.9231190085411072
0.361028254032135
0.5321464538574219
0.7641804218292236
0.7396687865257263
0.7195319533348083
0.2170884907245636
0.8056434988975525
0.38250991702079773
0.10534842312335968
0.8322464227676392
0.8999662399291992
0.3369614779949188
0.4612063765525818
0.2114449143409729
0.5736348628997803
0.15784510970115662
0.05121823400259018
0.8231079578399658
0.38284456729888916
0.11672009527683258
0.45139116048812866
0.8033744692802429
0.6811713576316833
0.21041236817836761
0.47227224707603455
0.7539934515953064
0.4229491651058197
0.6096982359886169
0.9300196170806885
0.5288184881210327
0.3940497040748596
0.06626429408788681
0.916626513004303
0.10715220123529434
0.782458484172821
0.12142418324947357
0.7340800762176514
0.6877081990242004
0.433648020029068
0.4534514248371124
0.5985534191131592
0.19682353734970093
0.882695198059082
0.91014564037323
0.8418410420417786
0.5875400304794312
0.9220579862594604
0.2795986235141754
0.1298677921295166
0.14951001107692719
0.7072101831436157
0.8493922352790833
0.05422816053032875
0.358036071062088
0.23880404233932495
0.6130697727203369
0.21989063918590546
0.5129581093788147
0.5610256195068359
0.26417750120162964
0.35795295238494873
0.06727853417396545
0.568073034286499
0.9015824794769287
0.011003713123500347
0.1072750836610794
0.8365445733070374
0.914657711982727
0.07109351456165314
0.15156321227550507
0.6579766869544983
0.0094777075573802
0.8299205899238586
0.017847217619419098
0.018276305869221687
0.10652022808790207
0.8383147716522217
0.09014800935983658
0.8595485091209412
0.30208685994148254
0.18819892406463623
0.04770900309085846
0.3643535375595093
0.01965991035103798
0.06714221835136414
0.16971606016159058
0.1869332194328308
0.12056354433298111
0.2722528576850891
0.786301851272583
0.1866360902786255
0.07817229628562927
0.11223610490560532
0.05503690242767334
0.029189033433794975
0.010033052414655685
0.11108144372701645
0.04556739702820778
0.21008816361427307
0.021107763051986694
0.01896471157670021
0.4881175756454468
0.38764113187789917
0.5805591940879822
0.06526950001716614
0.22662131488323212
0.8267877697944641
0.09422954171895981
0.5819852948188782
0.09807615727186203
0.032805074006319046
0.25323280692100525
0.6008950471878052
0.02117844671010971
0.02462589554488659
0.05986817181110382
0.3653128147125244
0.12505944073200226
0.026184476912021637
0.05696210637688637
0.02161652222275734
0.10368527472019196
0.1850648671388626
0.4779331386089325
0.07894455641508102
0.020488599315285683
0.08477026969194412
0.07177238911390305
0.15457871556282043
0.5574495196342468
0.49791833758354187
0.18847717344760895
0.023804686963558197
0.038708362728357315
0.11092714965343475
0.08870824426412582
0.30177170038223267
0.8459410667419434
0.04369610920548439
0.6623516082763672
0.238486185669899
0.6537673473358154
0.07677051424980164
0.8841278553009033
0.1800803542137146
0.17564688622951508
0.10921107977628708
0.7823197841644287
0.019418537616729736
0.7585186958312988
0.7490037083625793
0.4334947168827057
0.05736168101429939
0.024771492928266525
0.40266653895378113
0.4211065173149109
0.5103593468666077
0.06995613873004913
0.30817219614982605
0.2490735650062561
0.735958993434906
0.4632640480995178
0.5495179891586304
0.09381982684135437
0.10888539254665375
0.48027023673057556
0.29371869564056396
0.05199725925922394
0.39915549755096436
0.6715943813323975
0.22482889890670776
0.7056789398193359
0.24983252584934235
0.20405834913253784
0.2015010565519333
0.024117356166243553
0.08287835121154785
0.6914247870445251
0.07475866377353668
0.670680046081543
0.18865913152694702
0.19836820662021637
0.04207369685173035
0.18072254955768585
0.027838723734021187
0.07141610980033875
0.1322232037782669
0.014888718724250793
0.045245613902807236
0.024320406839251518
0.03795856237411499
0.03367583453655243
0.22163869440555573
0.6984467506408691
0.04680434986948967
0.020964240655303
0.8697423934936523
0.562800407409668
0.11399609595537186
0.15166924893856049
0.05967974662780762
0.06712126731872559
0.07296350598335266
0.2014748454093933
0.32162612676620483
0.0562446266412735
0.01962137781083584
0.03384796530008316
0.045914988964796066
0.020436719059944153
0.1446659117937088
0.09048203378915787
0.030647840350866318
0.06633812189102173
0.01244301162660122
0.6953823566436768
0.70163494348526
0.0647197887301445
0.07538303732872009
0.05639265105128288
0.02630767971277237
0.024352697655558586
0.18281680345535278
0.050271883606910706
0.15166029334068298
0.13996022939682007
0.16638371348381042
0.08479085564613342
0.22823940217494965
0.031207850202918053
0.1409192979335785
0.1078064814209938
0.5695639848709106
0.3028915822505951
0.11993161588907242
0.53807532787323
0.1214367151260376
0.09836913645267487
0.13909131288528442
0.11641059815883636
0.14821162819862366
0.165391206741333
0.1416124701499939
0.30371925234794617
0.14820866286754608
0.08982718735933304
0.06985677778720856
0.0317978672683239
0.03350435569882393
0.04012715071439743
0.16854040324687958
0.05930479243397713
0.043615344911813736
0.10079970955848694
0.12272894382476807
0.25859010219573975
0.10816249996423721
0.18147233128547668
0.0823093131184578
0.41301485896110535
0.3314277231693268
0.07743091136217117
0.31636470556259155
0.12451227754354477
0.18541927635669708
0.04544929042458534
0.09544190019369125
0.03356359526515007
0.18960049748420715
0.15438738465309143
0.34759998321533203
0.09751203656196594
0.41095101833343506
0.8948050737380981
0.25980061292648315
0.15930943191051483
0.08120378106832504
0.07879931479692459
0.060078781098127365
0.14172492921352386
0.1338195949792862
0.07779619097709656
0.2250065803527832
0.17251314222812653
0.26762861013412476
0.18273593485355377
0.048697855323553085
0.3006915748119354
0.30763930082321167
0.08512004464864731
0.07426930218935013
0.2306654155254364
0.01660103350877762
0.18881314992904663
0.15455739200115204
0.06265595555305481
0.08306684345006943
0.05739869177341461
0.14609763026237488
0.10419871658086777
0.11159466207027435
0.14044775068759918
0.21381856501102448
0.048732154071331024
0.23576825857162476
0.5834019780158997
0.15803605318069458
0.206119567155838
0.09192485362291336
0.011032561771571636
0.14663700759410858
0.12293979525566101
0.03825944662094116
0.043970245867967606
0.015566293150186539
0.018526941537857056
0.09576082974672318
0.030020641162991524
0.20038774609565735
0.07919218391180038
0.07224869728088379
0.15409670770168304
0.4303717017173767
0.05908343568444252
0.018769901245832443
0.022250227630138397
0.09282031655311584
0.08072029799222946
0.019909176975488663
0.017232447862625122
0.07753368467092514
0.03926269710063934
0.04627154767513275
0.09889861941337585
0.27760979533195496
0.02442779950797558
0.08623038977384567
0.29061171412467957
0.020109571516513824
0.39083126187324524
0.12400496006011963
0.7249829769134521
0.3369564414024353
0.26478397846221924
0.1760052889585495
0.23580172657966614
0.2860122621059418
0.9359227418899536
0.1889076679944992
0.03991708159446716
0.10445351153612137
0.5918133854866028
0.8229234218597412
0.09556229412555695
0.41436243057250977
0.7427061796188354
0.027845565229654312
0.595904529094696
0.8573196530342102
0.10074988007545471
0.035063907504081726
0.03086836077272892
0.457541823387146
0.7725359201431274
0.36800116300582886
0.14673420786857605
0.07975250482559204
0.018328946083784103
0.2417929470539093
0.04757467657327652
0.06108563393354416
0.5843583941459656
0.6357659101486206
0.45579349994659424
0.10856853425502777
0.052068330347537994
0.03990044817328453
0.7931749224662781
0.1207536831498146
0.014117696322500706
0.0732327476143837
0.21240782737731934
0.1448075771331787
0.14844952523708344
0.39636147022247314
0.11693338304758072
0.09685835242271423
0.16527710855007172
0.1628672331571579
0.3054847717285156
0.034615855664014816
0.08093729615211487
0.09887686371803284
0.10875532031059265
0.036413535475730896
0.06142278388142586
0.020342886447906494
0.049489036202430725
0.20055152475833893
0.026477770879864693
0.9770042896270752
0.9640095233917236
0.968535304069519
0.08883070200681686
0.6201452016830444
0.7421194314956665
0.016927648335695267
0.015306252986192703
0.37479713559150696
0.8526217937469482
0.06548239290714264
0.2428867220878601
0.02906970866024494
0.21171218156814575
0.06490080058574677
0.040773119777441025
0.08095407485961914
0.15664109587669373
0.3769194781780243
0.01247870922088623
0.14276543259620667
0.9923346042633057
0.9871454238891602
0.29718485474586487
0.47988927364349365
0.07595796138048172
0.05123792961239815
0.42475759983062744
0.21730321645736694
0.018605045974254608
0.06301099807024002
0.6044537425041199
0.07556724548339844
0.5951616764068604
0.741349458694458
0.1929960548877716
0.5438591837882996
0.18705463409423828
0.36332786083221436
0.14491289854049683
0.8675899505615234
0.18188141286373138
0.13146594166755676
0.061213962733745575
0.03361724689602852
0.5193300843238831
0.026424752548336983
0.0771457850933075
0.48242151737213135
0.03620743751525879
0.02157384157180786
0.07513261586427689
0.39312905073165894
0.11664882302284241
0.04122108593583107
0.20996688306331635
0.4054161310195923
0.24382179975509644
0.1349906325340271
0.49928221106529236
0.6568654179573059
0.27420151233673096
0.07899832725524902
0.03524687513709068
0.013148115016520023
0.127138152718544
0.05382711440324783
0.030822452157735825
0.02162650227546692
0.06580790877342224
0.13800694048404694
0.3232662081718445
0.2013954371213913
0.028640959411859512
0.8983734846115112
0.027953526005148888
0.20869724452495575
0.2312321960926056
0.07755210995674133
0.07696838676929474
0.03349756449460983
0.04720098897814751
0.9670282006263733
0.06921587884426117
0.6958878636360168
0.7510117292404175
0.921519935131073
0.027620423585176468
0.04976970702409744
0.019157320261001587
0.03007175587117672
0.015544124878942966
0.016356661915779114
0.06365229934453964
0.12596461176872253
0.02253803052008152
0.5139373540878296
0.15431782603263855
0.04357234761118889
0.029889605939388275
0.0212901309132576
0.5472922325134277
0.4290411174297333
0.6527347564697266
0.027729710564017296
0.25530704855918884
0.1857808381319046
0.16182564198970795
0.08899399638175964
0.058325085788965225
0.02122839167714119
0.7736612558364868
0.7908862829208374
0.022721176967024803
0.3967761993408203
0.3413550853729248
0.017378710210323334
0.029963582754135132
0.26471146941185
0.07293502986431122
0.05729273334145546
0.40872249007225037
0.0664115771651268
0.049776237457990646
0.04133186489343643
0.017029481008648872
0.09133312106132507
0.03445582091808319
0.10673114657402039
0.14757278561592102
0.10403653234243393
0.013536667451262474
0.16675962507724762
0.07452712953090668
0.027531195431947708
0.1233569011092186
0.05581925809383392
0.047201499342918396
0.16610509157180786
0.13595840334892273
0.023417415097355843
0.10668366402387619
0.5952246189117432
0.06484369933605194
0.020570363849401474
0.1114281713962555
0.18612957000732422
0.08521099388599396
0.10765526443719864
0.032143428921699524
0.15180164575576782
0.041044704616069794
0.7790084481239319
0.9875380992889404
0.9457247257232666
0.38090944290161133
0.09968435019254684
0.668619692325592
0.01307164877653122
0.03964059054851532
0.07196991890668869
0.0371658056974411
0.9626064300537109
0.02046436257660389
0.013726707547903061
0.20646318793296814
0.08838194608688354
0.050597768276929855
0.06734219193458557
0.20508551597595215
0.6113513708114624
0.6581000685691833
0.4600220322608948
0.39596450328826904
0.16911056637763977
0.1275009959936142
0.28556716442108154
0.4476049244403839
0.03928975388407707
0.020705994218587875
0.8866733312606812
0.15107561647891998
0.9127345681190491
0.18017324805259705
0.079640232026577
0.9869703650474548
0.12570595741271973
0.30468064546585083
0.01961676776409149
0.4544348120689392
0.058203425258398056
0.47044312953948975
0.8995264768600464
0.23037195205688477
0.027038799598813057
0.029576880857348442
0.06661508977413177
0.11598598957061768
0.12934160232543945
0.18740522861480713
0.12053100019693375
0.04745972156524658
0.08278927206993103
0.019206220284104347
0.031147966161370277
0.029630504548549652
0.9228395819664001
0.13859814405441284
0.026141172274947166
0.028848281130194664
0.028546545654535294
0.07072624564170837
0.16512447595596313
0.021720685064792633
0.781299352645874
0.04627133905887604
0.1920703500509262
0.9747495651245117
0.3189679682254791
0.5374016165733337
0.888656497001648
0.38300979137420654
0.2140432894229889
0.26217567920684814
0.19389492273330688
0.16351212561130524
0.3040110170841217
0.01849224418401718
0.02783462032675743
0.028095437213778496
0.6049396991729736
0.500278890132904
0.4413231611251831
0.6393232941627502
0.5201594829559326
0.10692859441041946
0.2244091033935547
0.015354360453784466
0.0222720168530941
0.02157675474882126
0.03778958320617676
0.23524729907512665
0.07204955071210861
0.7878515720367432
0.2619856297969818
0.15163519978523254
0.03384415805339813
0.02735864371061325
0.21947699785232544
0.04703649878501892
0.1673261672258377
0.018673555925488472
0.016830481588840485
0.0338955894112587
0.09523770958185196
0.042785242199897766
0.07179807126522064
0.07381173968315125
0.3137042224407196
0.1276518851518631
0.06511663645505905
0.08693072199821472
0.2721245586872101
0.9760661721229553
0.9577847719192505
0.34006139636039734
0.49475914239883423
0.07374808937311172
0.019157184287905693
0.06772752851247787
0.034056831151247025
0.03405648097395897
0.16288526356220245
0.7681689262390137
0.13220074772834778
0.04952223226428032
0.01645483449101448
0.14226208627223969
0.037433408200740814
0.3023759126663208
0.10392652451992035
0.04721691459417343
0.10201992839574814
0.8356176018714905
0.521990954875946
0.01319961529225111
0.06246738135814667
0.01724446937441826
0.06629932671785355
0.41731902956962585
0.4724419414997101
0.0690438523888588
0.0751102939248085
0.1346718966960907
0.06836872547864914
0.13669006526470184
0.09172758460044861
0.10043791681528091
0.3898845314979553
0.6154592037200928
0.31497901678085327
0.08714447915554047
0.042208507657051086
0.7341434359550476
0.6489506959915161
0.8297635316848755
0.6638637185096741
0.5634135007858276
0.11134973913431168
0.06411904096603394
0.08889984339475632
0.017573216930031776
0.29673558473587036
0.2808457911014557
0.3368973731994629
0.7321270108222961
0.09417054057121277
0.11295691877603531
0.027522200718522072
0.17104989290237427
0.08052745461463928
0.24733908474445343
0.10807369649410248
0.6172840595245361
0.09366106986999512
0.41841527819633484
0.05947567895054817
0.6513144969940186
0.298156201839447
0.02471105195581913
0.43126988410949707
0.062348026782274246
0.694594144821167
0.0609668493270874
0.4486177861690521
0.050243671983480453
0.061364710330963135
0.022194840013980865
0.20346863567829132
0.05330181121826172
0.1731119006872177
0.0352742038667202
0.0491601787507534
0.1219506561756134
0.07316181063652039
0.08521667867898941
0.9041826725006104
0.8900659084320068
0.7838187217712402
0.10513807833194733
0.16868571937084198
0.026625357568264008
0.1578211635351181
0.10761144012212753
0.02296445146203041
0.5040171146392822
0.05750233680009842
0.16153496503829956
0.21564877033233643
0.1927163004875183
0.04226284846663475
0.3930821418762207
0.05610150098800659
0.24089248478412628
0.8475404381752014
0.2573038637638092
0.7900974750518799
0.458648681640625
0.28884604573249817
0.06962312757968903
0.34450358152389526
0.20345397293567657
0.40093594789505005
0.02045307122170925
0.34467989206314087
0.041013266891241074
0.12435606867074966
0.0950562059879303
0.03228330984711647
0.25773778557777405
0.018492907285690308
0.22297798097133636
0.15558010339736938
0.02089642360806465
0.6816809773445129
0.1046646311879158
0.1770201325416565
0.08924207091331482
0.03258136287331581
0.21865101158618927
0.017391543835401535
0.07591302692890167
0.23276416957378387
0.26998618245124817
0.0945817232131958
0.2798767685890198
0.1282193660736084
0.040729157626628876
0.020523065701127052
0.1446886658668518
0.06563063710927963
0.015360202640295029
0.039852388203144073
0.1440637856721878
0.05792345106601715
0.04110017418861389
0.0375821478664875
0.02331455424427986
0.21022407710552216
0.1260160505771637
0.025217894464731216
0.04126611724495888
0.5570011138916016
0.4107794463634491
0.017409875988960266
0.2568027377128601
0.1257573366165161
0.17274445295333862
0.040268734097480774
0.5746702551841736
0.44594112038612366
0.07322017848491669
0.044982511550188065
0.22126559913158417
0.0910569280385971
0.07439806312322617
0.015300908125936985
0.06246192753314972
0.08633246272802353
0.1367335319519043
0.08292175084352493
0.06445924937725067
0.024530304595828056
0.026638228446245193
0.05104221776127815
0.9623475670814514
0.9165827631950378
0.9309121370315552
0.021917449310421944
0.9174315929412842
0.920638382434845
0.15467314422130585
0.4424790143966675
0.048402149230241776
0.0657866895198822
0.09481341391801834
0.06434841454029083
0.03486104682087898
0.1396530568599701
0.09562662988901138
0.13494160771369934
0.10847406089305878
0.044668346643447876
0.4271533787250519
0.0612756684422493
0.9948459267616272
0.914543867111206
0.1793324500322342
0.0445808582007885
0.16441240906715393
0.23858696222305298
0.9108200073242188
0.16023990511894226
0.34023866057395935
0.01857798546552658
0.21135497093200684
0.0446711964905262
0.03449663147330284
0.026507996022701263
0.21940909326076508
0.6136190295219421
0.14464601874351501
0.43207353353500366
0.7678833603858948
0.7432385683059692
0.08292456716299057
0.1676277369260788
0.17978808283805847
0.017779521644115448
0.15408974885940552
0.22648774087429047
0.08900285512208939
0.07433053106069565
0.4201093018054962
0.5771864056587219
0.08879498392343521
0.02540804073214531
0.2012995332479477
0.4562673568725586
0.02196343243122101
0.015253420919179916
0.06529704481363297
0.11450791358947754
0.22389152646064758
0.01591137796640396
0.10676011443138123
0.8526187539100647
0.12999612092971802
0.27647864818573
0.2793586254119873
0.1552884429693222
0.35061126947402954
0.09222739189863205
0.9735012054443359
0.092780202627182
0.030677612870931625
0.060196977108716965
0.15763548016548157
0.03447435423731804
0.10324463248252869
0.130723774433136
0.5720328092575073
0.19179634749889374
0.5927223563194275
0.8092437386512756
0.11915973573923111
0.1459001749753952
0.22679035365581512
0.5667130947113037
0.031980209052562714
0.7075231075286865
0.03958327695727348
0.3618747889995575
0.22615988552570343
0.027465660125017166
0.5878106355667114
0.0959419310092926
0.03667329251766205
0.33841249346733093
0.2450113594532013
0.6857988834381104
0.5829053521156311
0.07900121062994003
0.24181897938251495
0.01713569276034832
0.043687719851732254
0.08580829948186874
0.05321100354194641
0.04569436237215996
0.1564818173646927
0.05672694742679596
0.17832189798355103
0.49845683574676514
0.0875115841627121
0.07060994952917099
0.1004827618598938
0.1962631344795227
0.09392078965902328
0.13602982461452484
0.026139046996831894
0.03846463933587074
0.4418949484825134
0.07619985938072205
0.14860089123249054
0.07964133471250534
0.3354261517524719
0.6206926107406616
0.43512019515037537
0.3190131187438965
0.7673314213752747
0.38784563541412354
0.20764118432998657
0.030007533729076385
0.031412214040756226
0.018842723220586777
0.05709997937083244
0.4392498731613159
0.48596450686454773
0.044933632016181946
0.3263901472091675
0.7591497898101807
0.6926857829093933
0.02572798542678356
0.025763964280486107
0.38518762588500977
0.008807579055428505
0.13244479894638062
0.1843484789133072
0.9599632620811462
0.8248274326324463
0.9212601780891418
0.16233688592910767
0.12201438844203949
0.030036181211471558
0.07513485103845596
0.5263875126838684
0.028415190055966377
0.32583120465278625
0.02553550712764263
0.7432149648666382
0.11683397740125656
0.10642622411251068
0.0835719108581543
0.038672223687171936
0.27209651470184326
0.0698719248175621
0.09257831424474716
0.1358020156621933
0.03061676025390625
0.022788405418395996
0.015843434259295464
0.10280904173851013
0.7269821166992188
0.8322789669036865
0.6247751116752625
0.7737684845924377
0.2781442403793335
0.03696189075708389
0.6805374622344971
0.13587522506713867
0.2558022737503052
0.07962249219417572
0.6812688708305359
0.25356727838516235
0.060056932270526886
0.3462246060371399
0.07970322668552399
0.07616185396909714
0.21923111379146576
0.12747913599014282
0.3393160104751587
0.47797122597694397
0.508312463760376
0.5504041314125061
0.26436421275138855
0.019587287679314613
0.04629550129175186
0.06870588660240173
0.01300066988915205
0.389258474111557
0.19280533492565155
0.16012680530548096
0.030035167932510376
0.3561350107192993
0.1341378390789032
0.35093843936920166
0.8692634105682373
0.20458608865737915
0.12083722651004791
0.027826577425003052
0.23134095966815948
0.9813695549964905
0.9829642176628113
0.4912303686141968
0.08560865372419357
0.05299226567149162
0.47785744071006775
0.38903602957725525
0.16973605751991272
0.3848034739494324
0.25400015711784363
0.019950341433286667
0.02425447478890419
0.11396430432796478
0.3384833335876465
0.08392161875963211
0.23792998492717743
0.1264362782239914
0.11246734112501144
0.10191076248884201
0.1157735213637352
0.6203525066375732
0.06625185161828995
0.2656741738319397
0.14275377988815308
0.2694849967956543
0.261507511138916
0.453466534614563
0.1150331124663353
0.034955449402332306
0.10779126733541489
0.1681123971939087
0.9927534461021423
0.9930304288864136
0.9878013134002686
0.03917919099330902
0.8229762315750122
0.028564956039190292
0.12122321128845215
0.024780400097370148
0.1232340857386589
0.40975475311279297
0.05695793405175209
0.08751591295003891
0.3154851496219635
0.08611351996660233
0.24407503008842468
0.03745010122656822
0.03824080526828766
0.8328697681427002
0.33636677265167236
0.0624050572514534
0.36658263206481934
0.09836099296808243
0.08665600419044495
0.11005239933729172
0.2513739764690399
0.01860082894563675
0.1008860170841217
0.22232648730278015
0.8125154972076416
0.20774002373218536
0.28744804859161377
0.09602334350347519
0.04883413016796112
0.04866163432598114
0.05707091838121414
0.5751225352287292
0.04382724314928055
0.06496307253837585
0.08079840242862701
0.0798213854432106
0.01910180039703846
0.6067709922790527
0.17016559839248657
0.08939224481582642
0.3197520077228546
0.09403230994939804
0.026233572512865067
0.40465450286865234
0.3095296323299408
0.019349122419953346
0.04594898968935013
0.07536347955465317
0.03003334254026413
0.3036421537399292
0.06269635260105133
0.029414044693112373
0.15706497430801392
0.26668569445610046
0.23795342445373535
0.5828431844711304
0.7148681282997131
0.021911315619945526
0.03964763879776001
0.12536518275737762
0.15999586880207062
0.1083587184548378
0.049358393996953964
0.21649868786334991
0.21088579297065735
0.22780221700668335
0.016323892399668694
0.5477087497711182
0.9859485626220703
0.9630850553512573
0.9591624140739441
0.49413034319877625
0.057461004704236984
0.16109663248062134
0.3884706497192383
0.2296479493379593
0.2936268448829651
0.183062344789505
0.0481959730386734
0.10451306402683258
0.625264048576355
0.046258144080638885
0.05261721834540367
0.8987271189689636
0.04429951310157776
0.05027000978589058
0.060018140822649
0.9837433695793152
0.741261899471283
0.016493288800120354
0.30702871084213257
0.38995468616485596
0.3442409336566925
0.46287235617637634
0.25463801622390747
0.017986098304390907
0.114115871489048
0.28586962819099426
0.4680357575416565
0.3326900601387024
0.01877659745514393
0.45270103216171265
0.10445073246955872
0.383270800113678
0.02109137549996376
0.41428935527801514
0.8376311659812927
0.908370852470398
0.02259739115834236
0.627798318862915
0.4418918490409851
0.8319558501243591
0.33108577132225037
0.12677884101867676
0.036376725882291794
0.3063850402832031
0.029324110597372055
0.19376632571220398
0.40014222264289856
0.28183603286743164
0.02870551496744156
0.18266747891902924
0.6751903891563416
0.25852227210998535
0.021112807095050812
0.16516074538230896
0.9153337478637695
0.2651633620262146
0.6166109442710876
0.5437090396881104
0.06112303212285042
0.27817657589912415
0.07604821771383286
0.5724896788597107
0.21725031733512878
0.02945428155362606
0.5527254343032837
0.044310253113508224
0.08326246589422226
0.1882437914609909
0.2173069566488266
0.017791934311389923
0.7924158573150635
0.3417087495326996
0.20703619718551636
0.056930430233478546
0.07731305062770844
0.20731617510318756
0.03371711075305939
0.014109085313975811
0.01773037575185299
0.1615677922964096
0.0373045839369297
0.026687778532505035
0.009738988243043423
0.07072348147630692
0.04245249181985855
0.8452340960502625
0.20966771245002747
0.037296392023563385
0.5441521406173706
0.05769816413521767
0.02022416703402996
0.03437323123216629
0.7454747557640076
0.5817139148712158
0.5635853409767151
0.5124189257621765
0.7641045451164246
0.7381086945533752
0.7740175724029541
0.9498326778411865
0.9681103825569153
0.5738191604614258
0.989361047744751
0.7031531929969788
0.26346030831336975
0.6183931827545166
0.9356945753097534
0.7123002409934998
0.03129148110747337
0.04017457738518715
0.8375821709632874
0.7443490624427795
0.04702911153435707
0.8567864894866943
0.9141755700111389
0.021004732698202133
0.04472030699253082
0.016334109008312225
0.8742603063583374
0.8126826286315918
0.06652162969112396
0.8889155983924866
0.24157950282096863
0.16120034456253052
0.246677428483963
0.011712945066392422
0.14910036325454712
0.15941503643989563
0.9372965693473816
0.8121950626373291
0.11663120239973068
0.03209827467799187
0.20826102793216705
0.14387913048267365
0.1205170676112175
0.19193345308303833
0.08258499950170517
0.6314666271209717
0.5140990614891052
0.027592672035098076
0.5596446394920349
0.05928383395075798
0.212863028049469
0.29349079728126526
0.528369665145874
0.4944583475589752
0.061855435371398926
0.13171550631523132
0.06219382584095001
0.027220500633120537
0.279227614402771
0.011333305388689041
0.19481880962848663
0.1915803700685501
0.7418470978736877
0.832328200340271
0.5719380974769592
0.8571678996086121
0.08496350795030594
0.0630858838558197
0.2555166482925415
0.4809228479862213
0.01555951964110136
0.025776972994208336
0.015849560499191284
0.029520949348807335
0.008155141025781631
0.013124710880219936
0.03024856559932232
0.025384407490491867
0.10362249612808228
0.11679264903068542
0.013943945057690144
0.259234219789505
0.01798076368868351
0.6856163740158081
0.013479754328727722
0.3084198534488678
0.47517743706703186
0.34434375166893005
0.46276992559432983
0.5695359110832214
0.027391117066144943
0.04338507726788521
0.05194920673966408
0.0107816057279706
0.22429272532463074
0.030695945024490356
0.09645777940750122
0.6849691867828369
0.030830979347229004
0.015923716127872467
0.9541767835617065
0.11023586243391037
0.3382590711116791
0.04402066767215729
0.6106730699539185
0.48754963278770447
0.5691537857055664
0.5889975428581238
0.677384614944458
0.3728524446487427
0.1110357865691185
0.7337589859962463
0.7627164125442505
0.03743428364396095
0.17730557918548584
0.7186391353607178
0.31771746277809143
0.027032077312469482
0.7014615535736084
0.11526279896497726
0.09321003407239914
0.6686043739318848
0.06104361265897751
0.02247670292854309
0.3569648563861847
0.016297565773129463
0.39527857303619385
0.08481236547231674
0.24532945454120636
0.3872119188308716
0.43981343507766724
0.022832222282886505
0.6058428883552551
0.8258295059204102
0.5538223385810852
0.2938970923423767
0.6081354022026062
0.7481110692024231
0.08295325189828873
0.18156550824642181
0.1546567678451538
0.06963343173265457
0.4974672496318817
0.14600828289985657
0.015470562502741814
0.054909300059080124
0.01569167897105217
0.044891804456710815
0.07709950953722
0.019705282524228096
0.015774769708514214
0.16789376735687256
0.017358142882585526
0.11277978867292404
0.18686044216156006
0.016070447862148285
0.24022698402404785
0.1499631106853485
0.022191332653164864
0.08931147307157516
0.023020939901471138
0.0574396513402462
0.10567453503608704
0.03382021561264992
0.17990441620349884
0.0485149584710598
0.9165105819702148
0.01662401296198368
0.7562884092330933
0.06786271184682846
0.0356643870472908
0.8832151889801025
0.0814746767282486
0.8640806674957275
0.018286561593413353
0.8068531155586243
0.5469308495521545
0.5666724443435669
0.8300806879997253
0.0111841456964612
0.06879599392414093
0.056077659130096436
0.08163551986217499
0.022921260446310043
0.2951359152793884
0.014583657495677471
0.06156964972615242
0.21777991950511932
0.437486857175827
0.9090762734413147
0.03278572857379913
0.023552564904093742
0.017149750143289566
0.8992633819580078
0.03508954122662544
0.0456724613904953
0.07168716192245483
0.2221749871969223
0.9037042260169983
0.8978760838508606
0.04944154620170593
0.6791250109672546
0.8260165452957153
0.5561904311180115
0.14662817120552063
0.28174716234207153
0.7728919982910156
0.16836367547512054
0.04318404942750931
0.014939889311790466
0.03148011118173599
0.011012548580765724
0.08657965064048767
0.04093753546476364
0.05325233191251755
0.018292726948857307
0.47593939304351807
0.36471450328826904
0.022777454927563667
0.05924484506249428
0.8353154063224792
0.24452877044677734
0.07325832545757294
0.11669961363077164
0.5751132965087891
0.24686233699321747
0.2433968335390091
0.13661696016788483
0.009373040869832039
0.045509930700063705
0.17379699647426605
0.5400121808052063
0.7064985036849976
0.045936211943626404
0.033778492361307144
0.8792374134063721
0.12240409851074219
0.05226382613182068
0.19559155404567719
0.024374965578317642
0.17493224143981934
0.20950886607170105
0.33540380001068115
0.07464106380939484
0.18856662511825562
0.07681656628847122
0.0655328780412674
0.3012896776199341
0.32719314098358154
0.6408212184906006
0.056626107543706894
0.018713850528001785
0.1568278670310974
0.5882880091667175
0.09372314810752869
0.12920264899730682
0.07669460773468018
0.026428140699863434
0.05583256483078003
0.027167050167918205
0.18465478718280792
0.03086813911795616
0.1703457087278366
0.317541241645813
0.1112845242023468
0.10509994626045227
0.8701381683349609
0.48424550890922546
0.7428860664367676
0.07902508229017258
0.06940384954214096
0.15663637220859528
0.034378230571746826
0.22211991250514984
0.03177661821246147
0.9853861331939697
0.9857065677642822
0.08399481326341629
0.02231542021036148
0.045445699244737625
0.03053145296871662
0.018398789688944817
0.1666375994682312
0.03574089705944061
0.05110841989517212
0.07173780351877213
0.05061441659927368
0.3805125951766968
0.1522841900587082
0.05652298033237457
0.10419222712516785
0.21999387443065643
0.04054432734847069
0.08279550820589066
0.14805828034877777
0.23168857395648956
0.011472181417047977
0.24665965139865875
0.9924933910369873
0.9818236231803894
0.9879206418991089
0.11690962314605713
0.06551952660083771
0.40579426288604736
0.9870617985725403
0.9890773296356201
0.049234528094530106
0.025006253272294998
0.15512453019618988
0.6907933354377747
0.035266123712062836
0.019285006448626518
0.09188897907733917
0.034685779362916946
0.036907535046339035
0.020098090171813965
0.013410110026597977
0.03370026871562004
0.02346917986869812
0.7237412333488464
0.5312089323997498
0.02044745720922947
0.020123830065131187
0.5152807235717773
0.02563348598778248
0.9123824238777161
0.9209124445915222
0.0717352032661438
0.09541214257478714
0.0793418288230896
0.03919684514403343
0.08314405381679535
0.4873424172401428
0.5195848941802979
0.08027327805757523
0.16462939977645874
0.015327828004956245
0.026439763605594635
0.9228634238243103
0.9794094562530518
0.9763247966766357
0.9903838038444519
0.7297285199165344
0.40702417492866516
0.017332706600427628
0.20954710245132446
0.7344651818275452
0.9882428646087646
0.9886910915374756
0.9836912155151367
0.9779148101806641
0.05334244668483734
0.013250786811113358
0.8014641404151917
0.023699728772044182
0.038987282663583755
0.0410807803273201
0.9348113536834717
0.019794020801782608
0.02110031060874462
0.04321102797985077
0.17297738790512085
0.1402793675661087
0.04988975077867508
0.06406722962856293
0.03425213694572449
0.0320727676153183
0.848468542098999
0.06456205993890762
0.8846880793571472
0.0422799251973629
0.991805374622345
0.9874081015586853
0.5840608477592468
0.8766262531280518
0.2875021696090698
0.22154651582241058
0.3147476315498352
0.15836770832538605
0.07947241514921188
0.07668951153755188
0.11982067674398422
0.4336203336715698
0.8863527178764343
0.029633693397045135
0.21673303842544556
0.3422084450721741
0.038579776883125305
0.9913866519927979
0.029728272929787636
0.8500251770019531
0.31966570019721985
0.9790356159210205
0.6913413405418396
0.9946813583374023
0.9933910369873047
0.9908681511878967
0.9920353293418884
0.9261101484298706
0.5807678699493408
0.16447710990905762
0.7772283554077148
0.04806184396147728
0.1478278487920761
0.8290182948112488
0.11192745715379715
0.08388590812683105
0.4028761684894562
0.07596606761217117
0.32067379355430603
0.04122208058834076
0.04631975293159485
0.030388377606868744
0.5780495405197144
0.03441387042403221
0.017690712586045265
0.14111365377902985
0.18037043511867523
0.30394279956817627
0.17715522646903992
0.07729101926088333
0.26473620533943176
0.05148578807711601
0.3405206799507141
0.3016963005065918
0.5512300133705139
0.03114418499171734
0.11421917378902435
0.031337469816207886
0.22802312672138214
0.37617364525794983
0.066794253885746
0.12012819200754166
0.46370431780815125
0.10966242849826813
0.14595136046409607
0.10150810331106186
0.576979398727417
0.07673949748277664
0.07316901534795761
0.9805907011032104
0.977757453918457
0.352101594209671
0.038590285927057266
0.32172635197639465
0.1612934023141861
0.3953380584716797
0.016570787876844406
0.14830487966537476
0.5378005504608154
0.10114730894565582
0.055670347064733505
0.5068103075027466
0.33906087279319763
0.08324640989303589
0.03837990760803223
0.13280177116394043
0.17910578846931458
0.11256221681833267
0.13060076534748077
0.8676467537879944
0.7028899192810059
0.8004358410835266
0.08561713993549347
0.3408755362033844
0.1731424182653427
0.053175218403339386
0.05360753834247589
0.01280501764267683
0.016582513228058815
0.011491052806377411
0.035761818289756775
0.056017644703388214
0.08236058801412582
0.01965472847223282
0.12158665060997009
0.05846084654331207
0.2971692681312561
0.19551654160022736
0.08906953781843185
0.03425958380103111
0.01925588585436344
0.05769536271691322
0.18073932826519012
0.07254889607429504
0.03350812941789627
0.07337312400341034
0.22582237422466278
0.376700758934021
0.020900141447782516
0.02420845627784729
0.19209346175193787
0.2536480724811554
0.5556653141975403
0.04309280961751938
0.1322426199913025
0.037977200001478195
0.18806029856204987
0.015799276530742645
0.011777008883655071
0.014162911102175713
0.12802861630916595
0.0833311527967453
0.6090954542160034
0.18577516078948975
0.8044586777687073
0.24699503183364868
0.2604924440383911
0.1061890497803688
0.7282449007034302
0.14991655945777893
0.6359751224517822
0.15973643958568573
0.6262369155883789
0.10072855651378632
0.029611041769385338
0.23163607716560364
0.021075915545225143
0.023722779005765915
0.07485903799533844
0.3683125674724579
0.06313502043485641
0.35730960965156555
0.0927504226565361
0.31171509623527527
0.1608523577451706
0.07208147644996643
0.059520039707422256
0.022566884756088257
0.025870800018310547
0.012557393871247768
0.4698411226272583
0.9847568869590759
0.9850653409957886
0.6410782933235168
0.23727107048034668
0.011966971680521965
0.16913551092147827
0.0926179513335228
0.036745764315128326
0.034471914172172546
0.13982443511486053
0.14175796508789062
0.027601299807429314
0.4932780861854553
0.012858059257268906
0.01973351277410984
0.9279003143310547
0.07871893793344498
0.025282643735408783
0.2556403577327728
0.14457909762859344
0.019291993230581284
0.02494983933866024
0.11339840292930603
0.15192045271396637
0.039284512400627136
0.45316585898399353
0.34250491857528687
0.11642852425575256
0.1659546196460724
0.22709816694259644
0.1442694067955017
0.06556328386068344
0.02832448109984398
0.6179710626602173
0.042050592601299286
0.07905825972557068
0.3836860656738281
0.02519860677421093
0.012940559536218643
0.08505365997552872
0.4268695116043091
0.11656064540147781
0.01822160929441452
0.3616876006126404
0.02918129414319992
0.017018726095557213
0.12071114033460617
0.1097487136721611
0.8605035543441772
0.10601791739463806
0.08611967414617538
0.036952391266822815
0.14411891996860504
0.14083915948867798
0.31891605257987976
0.015754010528326035
0.03751608356833458
0.2667887210845947
0.024885039776563644
0.047111283987760544
0.024646300822496414
0.013073427602648735
0.4952085316181183
0.04665807634592056
0.07910630106925964
0.16746151447296143
0.2026025801897049
0.22835564613342285
0.029323730617761612
0.14310482144355774
0.02158057689666748
0.030936015769839287
0.042410075664520264
0.2749345600605011
0.07346304506063461
0.052667539566755295
0.05435636267066002
0.2554050385951996
0.25539669394493103
0.06816446781158447
0.10324470698833466
0.22708211839199066
0.14476948976516724
0.24481147527694702
0.03146623447537422
0.5654784440994263
0.17844916880130768
0.6331747174263
0.5656918883323669
0.04051272198557854
0.036916133016347885
0.0676749050617218
0.019402015954256058
0.013152401894330978
0.24727463722229004
0.05754338949918747
0.11177447438240051
0.4262892007827759
0.15982380509376526
0.05737966299057007
0.10512370616197586
0.22849532961845398
0.07931477576494217
0.23389188945293427
0.25449278950691223
0.09253690391778946
0.05228360369801521
0.9927892684936523
0.9870957136154175
0.9883189797401428
0.0474168099462986
0.02220240607857704
0.21596500277519226
0.8422825932502747
0.8810701370239258
0.16179139912128448
0.2793237864971161
0.2940136194229126
0.5923026204109192
0.679810106754303
0.814474880695343
0.15186303853988647
0.4011467695236206
0.9861404895782471
0.6428795456886292
0.029441943392157555
0.15769897401332855
0.024173393845558167
0.027318758890032768
0.09070803970098495
0.7488353252410889
0.6215778589248657
0.05170350894331932
0.2371816337108612
0.17394019663333893
0.0358397550880909
0.025904806330800056
0.1173870712518692
0.09596669673919678
0.05437593162059784
0.14426718652248383
0.3540220856666565
0.6477842926979065
0.28172340989112854
0.514553964138031
0.03462078794836998
0.09118905663490295
0.07842622697353363
0.04299794137477875
0.2286447137594223
0.49000126123428345
0.01958419755101204
0.46456417441368103
0.22984862327575684
0.043287716805934906
0.9162071943283081
0.7538864016532898
0.46049800515174866
0.7436469197273254
0.14518646895885468
0.8410918116569519
0.9907246828079224
0.6763866543769836
0.01489440631121397
0.8473513722419739
0.16363771259784698
0.8782104253768921
0.23338018357753754
0.07899563014507294
0.08197098225355148
0.08707422763109207
0.05486277490854263
0.05534370243549347
0.06673791259527206
0.3963129222393036
0.2120620608329773
0.018783552572131157
0.11380288004875183
0.31157296895980835
0.12458910048007965
0.1084614098072052
0.1314200758934021
0.2437756359577179
0.34708550572395325
0.28982916474342346
0.36978140473365784
0.0939471498131752
0.7098990082740784
0.5473748445510864
0.030471937730908394
0.007772159297019243
0.7875378131866455
0.20254261791706085
0.3569006025791168
0.051345787942409515
0.48500096797943115
0.11150467395782471
0.6811109185218811
0.09388809651136398
0.1122439056634903
0.12723977863788605
0.24186499416828156
0.03742416203022003
0.022291334345936775
0.028820008039474487
0.14260008931159973
0.33367154002189636
0.4738195836544037
0.8530492782592773
0.02444569021463394
0.05348411202430725
0.10525652766227722
0.05510184168815613
0.07065840810537338
0.14301210641860962
0.022298041731119156
0.29530224204063416
0.04556910693645477
0.9385745525360107
0.7310916185379028
0.6994400024414062
0.8653309941291809
0.8385549783706665
0.6731724143028259
0.5515849590301514
0.07288488745689392
0.06730160862207413
0.9641575217247009
0.7684223651885986
0.7293140888214111
0.015509507618844509
0.21975833177566528
0.20178288221359253
0.04158207029104233
0.041159916669130325
0.04399219527840614
0.893298864364624
0.08156457543373108
0.017995769158005714
0.9294541478157043
0.49135664105415344
0.6980746388435364
0.5380424857139587
0.028338802978396416
0.1420636773109436
0.09961584955453873
0.2244577407836914
0.03239830955862999
0.745084822177887
0.08560813218355179
0.23644399642944336
0.23735205829143524
0.8083090782165527
0.8859106302261353
0.1740192472934723
0.11064530164003372
0.4302665889263153
0.16727645695209503
0.11021914333105087
0.1592448353767395
0.27185508608818054
0.045997850596904755
0.20674151182174683
0.019116463139653206
0.33474716544151306
0.05470598116517067
0.1748649924993515
0.7790237665176392
0.08133269101381302
0.019983457401394844
0.726406455039978
0.2032383233308792
0.23881308734416962
0.4995134174823761
0.27431169152259827
0.6419996619224548
0.05205988511443138
0.09334433823823929
0.9447705745697021
0.06704453378915787
0.041007060557603836
0.23208549618721008
0.06420818716287613
0.333654522895813
0.09676779806613922
0.1338084191083908
0.24848781526088715
0.03830396384000778
0.027102019637823105
0.24513167142868042
0.21243923902511597
0.10623464733362198
0.2998489439487457
0.20869241654872894
0.02106899581849575
0.11377611756324768
0.09623157978057861
0.12557190656661987
0.016206223517656326
0.025068264454603195
0.08823876827955246
0.1259937733411789
0.13413876295089722
0.03732899948954582
0.02044033445417881
0.03780243918299675
0.15429235994815826
0.06653227657079697
0.16916516423225403
0.03195428475737572
0.2036430537700653
0.06457522511482239
0.36022722721099854
0.986871063709259
0.04768432304263115
0.12449447065591812
0.16716593503952026
0.03773568943142891
0.043488141149282455
0.01599866896867752
0.4416242837905884
0.370279461145401
0.07779571413993835
0.7628893256187439
0.09108231216669083
0.042652759701013565
0.018480772152543068
0.22737747430801392
0.0970546156167984
0.6026065349578857
0.15246035158634186
0.5586068034172058
0.7911415696144104
0.0656408965587616
0.11780740320682526
0.10329324007034302
0.03888796642422676
0.0514189675450325
0.13442812860012054
0.15139487385749817
0.1857134997844696
0.027256455272436142
0.21376709640026093
0.21065156161785126
0.8235853910446167
0.10440610349178314
0.05586020275950432
0.16419737040996552
0.01642928272485733
0.5976257920265198
0.43308666348457336
0.047015175223350525
0.15133331716060638
0.1512477993965149
0.023576343432068825
0.20741133391857147
0.020175721496343613
0.07500576972961426
0.068557009100914
0.014719805680215359
0.018212787806987762
0.1740899533033371
0.03746004402637482
0.0778919905424118
0.02206108346581459
0.012380728498101234
0.3640913665294647
0.2558318078517914
0.40811389684677124
0.1803520768880844
0.1573920100927353
0.6768685579299927
0.18062812089920044
0.023591911420226097
0.3831992745399475
0.049664825201034546
0.0970553606748581
0.04838419705629349
0.07299835234880447
0.12589600682258606
0.10139365494251251
0.10230030119419098
0.3317014276981354
0.1845197230577469
0.2070789784193039
0.2762218713760376
0.645447313785553
0.029648909345269203
0.11111047863960266
0.05196851119399071
0.17385977506637573
0.010747481137514114
0.05609419569373131
0.022392725571990013
0.025550371035933495
0.02284919284284115
0.0287533737719059
0.5567940473556519
0.028614994138479233
0.04908156394958496
0.08158545941114426
0.019634107127785683
0.34513020515441895
0.02194148302078247
0.037941452115774155
0.30308306217193604
0.09571400284767151
0.37523409724235535
0.2351832389831543
0.06118600815534592
0.2628619968891144
0.04840882122516632
0.2588098347187042
0.02271975576877594
0.11311488598585129
0.06777933984994888
0.14740301668643951
0.7618457078933716
0.5569387674331665
0.08058998733758926
0.12092692404985428
0.08053933084011078
0.2779468297958374
0.33771181106567383
0.03183351457118988
0.4110218286514282
0.09948282688856125
0.09861631691455841
0.043959006667137146
0.48769521713256836
0.036289628595113754
0.1890926957130432
0.05298614129424095
0.10896560549736023
0.16075950860977173
0.01701301522552967
0.19443470239639282
0.517770528793335
0.12049247324466705
0.015350159257650375
0.16951818764209747
0.1465284377336502
0.3799566626548767
0.2098817229270935
0.011289327405393124
0.06240135431289673
0.0362493172287941
0.013248751871287823
0.13614745438098907
0.020626462996006012
0.6282359957695007
0.16637450456619263
0.12657828629016876
0.1257634460926056
0.15782038867473602
0.2788245975971222
0.21377652883529663
0.06826773285865784
0.066551573574543
0.08997653424739838
0.22280794382095337
0.02091062441468239
0.8928512930870056
0.08729063719511032
0.042880281805992126
0.261628121137619
0.3727543354034424
0.10802391916513443
0.22243624925613403
0.02281809039413929
0.18836595118045807
0.08379452675580978
0.032716333866119385
0.028562413528561592
0.03573792055249214
0.027462072670459747
0.031142137944698334
0.02860560268163681
0.27450305223464966
0.11169901490211487
0.10096308588981628
0.0066565521992743015
0.05244515836238861
0.01737828180193901
0.011946006678044796
0.023360254243016243
0.3216519057750702
0.8550517559051514
0.12129136919975281
0.015448866412043571
0.25462567806243896
0.1246715635061264
0.40947264432907104
0.12927263975143433
0.3490111827850342
0.16293250024318695
0.13240724802017212
0.18715249001979828
0.30875149369239807
0.09242905676364899
0.06066972017288208
0.06871390342712402
0.025041302666068077
0.010697057470679283
0.25586068630218506
0.07902275025844574
0.10194943845272064
0.4850579500198364
0.7079384922981262
0.0925314724445343
0.11855345219373703
0.32365116477012634
0.3173198699951172
0.09481555223464966
0.024174915626645088
0.0477285273373127
0.030628399923443794
0.6404540538787842
0.9741114377975464
0.12690609693527222
0.03459402173757553
0.22494670748710632
0.16855859756469727
0.16367509961128235
0.08459073305130005
0.12337532639503479
0.3736577332019806
0.3724946081638336
0.29025813937187195
0.25302499532699585
0.6196334362030029
0.0476413331925869
0.09266172349452972
0.17423242330551147
0.07311027497053146
0.27352920174598694
0.05240549147129059
0.1200651079416275
0.48903152346611023
0.3685070872306824
0.1519518494606018
0.04401081055402756
0.12078744918107986
0.059980060905218124
0.12478986382484436
0.20968300104141235
0.11762145161628723
0.47223854064941406
0.07148794084787369
0.03357258439064026
0.08904300630092621
0.19298315048217773
0.4280792772769928
0.1462775319814682
0.1251734346151352
0.03193378075957298
0.14881420135498047
0.13522647321224213
0.03228675574064255
0.11682590842247009
0.2894893288612366
0.5249818563461304
0.09849236160516739
0.16014760732650757
0.10844269394874573
0.2052195817232132
0.08295068144798279
0.0313299261033535
0.014626029878854752
0.01869538053870201
0.03511391952633858
0.2790341079235077
0.17683705687522888
0.029195312410593033
0.04600273072719574
0.07876844704151154
0.07480832934379578
0.1703440397977829
0.049045052379369736
0.0237656868994236
0.036080919206142426
0.02495371736586094
0.027717508375644684
0.11816872656345367
0.14666657149791718
0.020875826478004456
0.21389523148536682
0.37413349747657776
0.006554146762937307
0.014630865305662155
0.1783108115196228
0.051863010972738266
0.0572521947324276
0.04244009777903557
0.027311690151691437
0.07976944744586945
0.040644120424985886
0.1714985966682434
0.17156381905078888
0.20337557792663574
0.3809232711791992
0.7999611496925354
0.08253701031208038
0.03895163536071777
0.25553837418556213
0.09300564229488373
0.12079741060733795
0.01760760322213173
0.09175727516412735
0.18030425906181335
0.25252416729927063
0.0522664450109005
0.13212858140468597
0.15786737203598022
0.14837278425693512
0.042180899530649185
0.04497664049267769
0.3861578702926636
0.5446829795837402
0.16492104530334473
0.4969481825828552
0.11341844499111176
0.017775479704141617
0.32485949993133545
0.06534847617149353
0.1783199906349182
0.6105043888092041
0.17129017412662506
0.5050039887428284
0.3738366365432739
0.029114313423633575
0.18073873221874237
0.039623014628887177
0.16472207009792328
0.035421278327703476
0.09583258628845215
0.14069771766662598
0.06205863505601883
0.08653402328491211
0.34715402126312256
0.03431283310055733
0.5356332659721375
0.1069803237915039
0.04391726106405258
0.014879980124533176
0.2000977098941803
0.2771059572696686
0.09760522842407227
0.055203624069690704
0.23852623999118805
0.04999449849128723
0.0425945445895195
0.1411186158657074
0.04458633437752724
0.02036725915968418
0.20786285400390625
0.07402266561985016
0.13943764567375183
0.009085928089916706
0.06673451513051987
0.09008237719535828
0.01292687002569437
0.05270553380250931
0.030398912727832794
0.04565553367137909
0.1157924234867096
0.0287570022046566
0.09595508128404617
0.05304400250315666
0.07843412458896637
0.036798909306526184
0.3829787075519562
0.014037643559277058
0.06626543402671814
0.1449674814939499
0.11152292788028717
0.3219909965991974
0.021842200309038162
0.06947367638349533
0.025928383693099022
0.14789628982543945
0.09134778380393982
0.059346240013837814
0.1262490600347519
0.1276271790266037
0.21721012890338898
0.21391995251178741
0.016448043286800385
0.05181103199720383
0.0924762487411499
0.05601945146918297
0.059531986713409424
0.06268861889839172
0.05493137240409851
0.06495103240013123
0.20582133531570435
0.5932360291481018
0.0791953057050705
0.01472495961934328
0.2702598571777344
0.014215137809515
0.1162962093949318
0.23633074760437012
0.04166107624769211
0.02613016404211521
0.0305334459990263
0.023731837049126625
0.09954749792814255
0.13418929278850555
0.024458639323711395
0.12848836183547974
0.03880147263407707
0.03525981307029724
0.019491922110319138
0.029581241309642792
0.05134237930178642
0.10326927900314331
0.13124218583106995
0.03709566965699196
0.07706169039011002
0.024369297549128532
0.01888442412018776
0.039829716086387634
0.6446481347084045
0.06553558260202408
0.14425474405288696
0.11392206698656082
0.023130258545279503
0.17767852544784546
0.04552757740020752
0.1686321198940277
0.40266406536102295
0.0880400761961937
0.1612084060907364
0.2217434197664261
0.01743779331445694
0.08091073483228683
0.08744735270738602
0.020813772454857826
0.01823943294584751
0.02721928060054779
0.04927319660782814
0.16168749332427979
0.42520686984062195
0.015191548503935337
0.016698921099305153
0.024184459820389748
0.061078138649463654
0.1625400185585022
0.10748282074928284
0.014932051301002502
0.015551839023828506
0.04763970151543617
0.16574260592460632
0.12061084806919098
0.21950620412826538
0.01867315173149109
0.20790092647075653
0.03220209851861
0.03208722546696663
0.10672181099653244
0.1315668523311615
0.14759564399719238
0.7040342688560486
0.045827798545360565
0.41828596591949463
0.016973713412880898
0.07187232375144958
0.4713747799396515
0.2435106486082077
0.08552544564008713
0.0679282695055008
0.3562762141227722
0.07800720632076263
0.07758857309818268
0.062283311039209366
0.3779856264591217
0.5865147113800049
0.5192406177520752
0.01174007449299097
0.1299012452363968
0.16809822618961334
0.04095035046339035
0.23037052154541016
0.05319073423743248
0.0925232544541359
0.16826559603214264
0.3922525644302368
0.26419487595558167
0.013118702918291092
0.5820605754852295
0.03824101760983467
0.10790712386369705
0.046226050704717636
0.038311686366796494
0.2033964991569519
0.03239026293158531
0.2877548933029175
0.16414040327072144
0.06710951775312424
0.2262428104877472
0.036386940628290176
0.028801845386624336
0.23603206872940063
0.1715690791606903
0.3890047073364258
0.3066176474094391
0.03531057387590408
0.01944197155535221
0.07524602860212326
0.03263159468770027
0.4146724343299866
0.1131989136338234
0.039716314524412155
0.03340659663081169
0.04517117142677307
0.042947810143232346
0.20253899693489075
0.0485418327152729
0.07906872034072876
0.1392473578453064
0.0966322273015976
0.008664697408676147
0.14618529379367828
0.206145241856575
0.22449511289596558
0.051773156970739365
0.06490465998649597
0.12327530980110168
0.19498088955879211
0.06101846694946289
0.20950859785079956
0.15305274724960327
0.1133534386754036
0.01888616941869259
0.04434814304113388
0.01466574426740408
0.020972715690732002
0.2027292549610138
0.05896672233939171
0.054032400250434875
0.10318239778280258
0.013974868692457676
0.05282047390937805
0.026145704090595245
0.01562887243926525
0.06749071925878525
0.244004487991333
0.14763979613780975
0.11323951184749603
0.028306040912866592
0.43897855281829834
0.04268014803528786
0.2840913236141205
0.1009918749332428
0.013209959492087364
0.02330746129155159
0.06759830564260483
0.07398063689470291
0.24921298027038574
0.029655085876584053
0.11941348016262054
0.020443959161639214
0.03887243568897247
0.08731286227703094
0.08439616113901138
0.07199361175298691
0.12224318087100983
0.262071430683136
0.015242393128573895
0.06284144520759583
0.028826994821429253
0.34405192732810974
0.24493177235126495
0.5414228439331055
0.10362441092729568
0.26931899785995483
0.08132815361022949
0.009181242436170578
0.1252211630344391
0.0864100456237793
0.31701862812042236
0.13788826763629913
0.20723825693130493
0.07222673296928406
0.09410664439201355
0.11722870916128159
0.09022266417741776
0.026972152292728424
0.11798115819692612
0.07889148592948914
0.03904569521546364
0.024463606998324394
0.02287742868065834
0.6090691089630127
0.14829795062541962
0.02246328629553318
0.021866820752620697
0.20408231019973755
0.05412936583161354
0.048663653433322906
0.032996997237205505
0.09953027963638306
0.19946163892745972
0.0994827076792717
0.017554115504026413
0.013348391279578209
0.03286443278193474
0.024531804025173187
0.024262327700853348
0.05735392868518829
0.02806621417403221
0.014637051150202751
0.019014380872249603
0.044570695608854294
0.04523397982120514
0.0785997211933136
0.5142226815223694
0.029497206211090088
0.044201284646987915
0.06032923236489296
0.047159258276224136
0.09982813149690628
0.1874934583902359
0.015550343319773674
0.18104910850524902
0.020447079092264175
0.016188614070415497
0.028113361448049545
0.34440428018569946
0.5500499606132507
0.07088421285152435
0.09991930425167084
0.020564185455441475
0.11891390383243561
0.17265503108501434
0.39605891704559326
0.22239626944065094
0.09814053773880005
0.22033335268497467
0.4995734989643097
0.041882846504449844
0.1394689679145813
0.296712189912796
0.01891155354678631
0.2329898178577423
0.17180603742599487
0.05545984208583832
0.01703476905822754
0.05978437885642052
0.07658359408378601
0.017073502764105797
0.04588504135608673
0.09706835448741913
0.026600174605846405
0.6467182040214539
0.2739213705062866
0.019672086462378502
0.0961495190858841
0.5435705780982971
0.14076848328113556
0.0676010251045227
0.019117852672934532
0.2611272633075714
0.34708425402641296
0.29232609272003174
0.3905459940433502
0.035568006336688995
0.592400312423706
0.24139100313186646
0.6122090220451355
0.5025408267974854
0.039980705827474594
0.18861478567123413
0.08784326910972595
0.6619611978530884
0.08289394527673721
0.06295570731163025
0.029435191303491592
0.06229153648018837
0.10442085564136505
0.03363092243671417
0.032410237938165665
0.2422582060098648
0.17885376513004303
0.16661131381988525
0.12770424783229828
0.4046088755130768
0.48277848958969116
0.023589396849274635
0.025094134733080864
0.026854796335101128
0.18941821157932281
0.18889039754867554
0.14175017178058624
0.1097785010933876
0.019089095294475555
0.11774992942810059
0.16111184656620026
0.19725169241428375
0.11149103194475174
0.19149582087993622
0.12313328683376312
0.19971269369125366
0.6396252512931824
0.5486239194869995
0.031881604343652725
0.1855500340461731
0.2080911248922348
0.0409395806491375
0.31834834814071655
0.6310957670211792
0.10093870013952255
0.053622741252183914
0.14001613855361938
0.19961132109165192
0.0870349258184433
0.26895079016685486
0.14104634523391724
0.051208049058914185
0.09236577153205872
0.02702202834188938
0.06587515771389008
0.03448379039764404
0.022550737485289574
0.03741055354475975
0.022518154233694077
0.2144109457731247
0.1293208748102188
0.07954099774360657
0.02360038459300995
0.09216459840536118
0.04070949926972389
0.052228402346372604
0.07373444736003876
0.07463496178388596
0.027471141889691353
0.2993225157260895
0.09616685658693314
0.02832302823662758
0.04239601641893387
0.1252119094133377
0.08142094314098358
0.44952595233917236
0.03386727347970009
0.03459228202700615
0.023822493851184845
0.04164673388004303
0.36316707730293274
0.037646133452653885
0.12607131898403168
0.011731247417628765
0.013360973447561264
0.060453396290540695
0.03215545788407326
0.12139293551445007
0.02767215110361576
0.06941774487495422
0.06974584609270096
0.036020468920469284
0.2749118506908417
0.04599528759717941
0.025634413585066795
0.1520119458436966
0.02348136343061924
0.060610633343458176
0.08711080253124237
0.29358145594596863
0.06821788847446442
0.09735860675573349
0.1046219915151596
0.0228019580245018
0.11752846837043762
0.02505558729171753
0.03932105004787445
0.10908211022615433
0.034038182348012924
0.02244233340024948
0.4384537935256958
0.05806392431259155
0.06038378179073334
0.08025914430618286
0.2265034019947052
0.5109792947769165
0.11129776388406754
0.03468550741672516
0.1766519695520401
0.11283180117607117
0.01618606597185135
0.11595305800437927
0.05966143310070038
0.06964750587940216
0.026075327768921852
0.11383844912052155
0.0307050421833992
0.04585067927837372
0.019523346796631813
0.11885377019643784
0.11192122846841812
0.2176198661327362
0.02983327955007553
0.024393334984779358
0.014203798025846481
0.1338973194360733
0.035543832927942276
0.07004975527524948
0.20555394887924194
0.12221643328666687
0.11314009130001068
0.11603865027427673
0.14912578463554382
0.015171455219388008
0.06337452679872513
0.01614309847354889
0.04491173103451729
0.02668079175055027
0.0349680632352829
0.03720763698220253
0.04111946374177933
0.11455709487199783
0.09545696526765823
0.10005480796098709
0.05361629277467728
0.06105105206370354
0.09832960367202759
0.10434380918741226
0.027064044028520584
0.06361912190914154
0.11783751845359802
0.2315945029258728
0.13725176453590393
0.11553975939750671
0.018684107810258865
0.18085429072380066
0.1639973372220993
0.05363451689481735
0.08024302870035172
0.04061829298734665
0.07778873294591904
0.07453203201293945
0.07135036587715149
0.1063266322016716
0.007997068576514721
0.010208738036453724
0.12417711317539215
0.05833130329847336
0.06616202741861343
0.09776224195957184
0.0542466975748539
0.129750594496727
0.03339504450559616
0.2688344120979309
0.26579102873802185
0.28060823678970337
0.20660004019737244
0.0366632416844368
0.0403299480676651
0.018484486266970634
0.3972587287425995
0.07656311243772507
0.11202950030565262
0.0879688560962677
0.20748551189899445
0.2987777590751648
0.1014871671795845
0.4640892744064331
0.07633204758167267
0.04509351775050163
0.032359231263399124
0.022342899814248085
0.1888667196035385
0.07674071937799454
0.06327108293771744
0.4598701298236847
0.15860843658447266
0.624205470085144
0.11813642084598541
0.043849408626556396
0.2870956361293793
0.01963195390999317
0.08757913112640381
0.15445320308208466
0.015356742776930332
0.09456817060709
0.06388521194458008
0.1678771674633026
0.103091761469841
0.04055256396532059
0.05882301554083824
0.061408501118421555
0.1640734076499939
0.3923758864402771
0.043535228818655014
0.030098378658294678
0.02319519966840744
0.3175426721572876
0.046102575957775116
0.09689579904079437
0.2481079399585724
0.10710437595844269
0.06739592552185059
0.13741177320480347
0.04230864718556404
0.0651233121752739
0.09624048322439194
0.09389141947031021
0.35862863063812256
0.18678699433803558
0.3029390573501587
0.4489957094192505
0.06258067488670349
0.14269331097602844
0.13999025523662567
0.1494806408882141
0.1095447838306427
0.2054336816072464
0.0879228264093399
0.13468432426452637
0.03260928392410278
0.030651738867163658
0.03448430821299553
0.17207977175712585
0.12708085775375366
0.1857539266347885
0.04088611528277397
0.15802723169326782
0.07184670865535736
0.2596413791179657
0.03997766599059105
0.06371700018644333
0.19963213801383972
0.1530831903219223
0.27543342113494873
0.4749412536621094
0.23855850100517273
0.02666523866355419
0.0427543930709362
0.011517265811562538
0.05192656069993973
0.20365041494369507
0.012297133915126324
0.1733313351869583
0.012965058907866478
0.10578590631484985
0.04155324399471283
0.0447947233915329
0.05794741213321686
0.12159606069326401
0.13645067811012268
0.06965821981430054
0.23336990177631378
0.18479543924331665
0.020858537405729294
0.03299695998430252
0.022924505174160004
0.04155333712697029
0.1090010404586792
0.13590694963932037
0.13535895943641663
0.0996551513671875
0.07486236840486526
0.06114448606967926
0.18335957825183868
0.05675099790096283
0.03736061230301857
0.1472298949956894
0.11803759634494781
0.02598751336336136
0.019457289949059486
0.02308531291782856
0.13498331606388092
0.06053565442562103
0.01866917684674263
0.0719076544046402
0.11502228677272797
0.042687878012657166
0.15974296629428864
0.03097880817949772
0.023536156862974167
0.21617750823497772
0.0816560611128807
0.12062329798936844
0.03392723575234413
0.019825248047709465
0.03225628659129143
0.03977444767951965
0.021844394505023956
0.30962011218070984
0.025756992399692535
0.02026244066655636
0.01455715112388134
0.04016292095184326
0.07156005501747131
0.1708952784538269
0.0875132605433464
0.08816361427307129
0.06742629408836365
0.11799798905849457
0.1395995020866394
0.33928847312927246
0.3256061375141144
0.022060664370656013
0.08708857744932175
0.04534272477030754
0.13805198669433594
0.475311815738678
0.06124141439795494
0.016665147617459297
0.08066731691360474
0.045952457934617996
0.028229203075170517
0.3807910978794098
0.05534942448139191
0.2073524296283722
0.30407413840293884
0.2320462018251419
0.04274214804172516
0.2123425453901291
0.06233678385615349
0.11930026113986969
0.11376644670963287
0.04542016237974167
0.1697576642036438
0.06107749044895172
0.03928501904010773
0.06868018209934235
0.056501276791095734
0.10937939584255219
0.07666322588920593
0.19185082614421844
0.06931750476360321
0.019799990579485893
0.10439828783273697
0.02249014936387539
0.952831506729126
0.39799582958221436
0.05940800905227661
0.023680098354816437
0.21386326849460602
0.09454551339149475
0.0985950380563736
0.023493651300668716
0.12970465421676636
0.2110653519630432
0.13152271509170532
0.010460825636982918
0.014159892685711384
0.10919192433357239
0.051329322159290314
0.050584591925144196
0.07163258641958237
0.2275683879852295
0.049952730536460876
0.06388278305530548
0.024545051157474518
0.01611809991300106
0.05380627512931824
0.1003960520029068
0.00960925780236721
0.04408865422010422
0.012139706872403622
0.03206508979201317
0.08863124251365662
0.1436527818441391
0.20769798755645752
0.05324055626988411
0.18631230294704437
0.029207097366452217
0.01609356887638569
0.15151076018810272
0.11615758389234543
0.1579308658838272
0.04255450516939163
0.03795778378844261
0.038767263293266296
0.32409122586250305
0.03218155726790428
0.07451873272657394
0.19864091277122498
0.08212308585643768
0.03373361751437187
0.028547273948788643
0.01099737361073494
0.026797419413924217
0.022555777803063393
0.3703365921974182
0.049758922308683395
0.14521390199661255
0.112147755920887
0.058774784207344055
0.02709946781396866
0.17663082480430603
0.3481137752532959
0.06576217710971832
0.020681828260421753
0.09664967656135559
0.01656484417617321
0.03806893154978752
0.03363041952252388
0.13199900090694427
0.23188236355781555
0.25382566452026367
0.0671815350651741
0.04163621738553047
0.13290780782699585
0.06883088499307632
0.5406392812728882
0.15904587507247925
0.3102061450481415
0.02438446134328842
0.07744848728179932
0.19728384912014008
0.12126030027866364
0.1104842945933342
0.10644789785146713
0.08752480149269104
0.1129501536488533
0.02089056558907032
0.025906197726726532
0.09843039512634277
0.04131273925304413
0.04469919577240944
0.9146601557731628
0.01710376888513565
0.022575415670871735
0.21017128229141235
0.05845657363533974
0.060238633304834366
0.03280150145292282
0.08630290627479553
0.06383351981639862
0.06605270504951477
0.09012210369110107
0.0177621990442276
0.012547016143798828
0.42572569847106934
0.031631212681531906
0.02944314479827881
0.04931329935789108
0.06667861342430115
0.010576138272881508
0.04293624311685562
0.09257654845714569
0.012140881270170212
0.0195626113563776
0.05104853957891464
0.05443088337779045
0.040441736578941345
0.05180683732032776
0.21031668782234192
0.05794934555888176
0.026441341266036034
0.12795858085155487
0.2167547196149826
0.01883232779800892
0.012829063460230827
0.03463064134120941
0.2419382929801941
0.02918883226811886
0.06688907742500305
0.09407710283994675
0.10683855414390564
0.6061965227127075
0.008497882634401321
0.02739073894917965
0.12940599024295807
0.059359047561883926
0.02431192435324192
0.14942431449890137
0.07748112082481384
0.08237608522176743
0.03101576678454876
0.06553395092487335
0.2357143610715866
0.1342962086200714
0.2548694610595703
0.14268051087856293
0.06254761666059494
0.04182891547679901
0.16187798976898193
0.06196330115199089
0.14658011496067047
0.08854729682207108
0.05072367191314697
0.02467716485261917
0.03601338341832161
0.017034759745001793
0.027048848569393158
0.09725264459848404
0.041598375886678696
0.16735519468784332
0.2596421539783478
0.13771088421344757
0.03001083992421627
0.11638171225786209
0.04901846498250961
0.02940629981458187
0.014439743012189865
0.030622707679867744
0.06968367844820023
0.12651720643043518
0.01376421470195055
0.15712112188339233
0.06662693619728088
0.06337643414735794
0.013423594646155834
0.30635860562324524
0.011130359023809433
0.05908364802598953
0.1034146249294281
0.06931161880493164
0.09933633357286453
0.09200593829154968
0.08741059899330139
0.03981016203761101
0.3824348747730255
0.08753956854343414
0.0170157328248024
0.26852384209632874
0.06964694708585739
0.22406373918056488
0.07195229828357697
0.33539900183677673
0.11879733204841614
0.38567081093788147
0.027232414111495018
0.05070335417985916
0.14078114926815033
0.0375293493270874
0.46077319979667664
0.017028285190463066
0.08954937011003494
0.011050456203520298
0.03435234725475311
0.011608723551034927
0.032586514949798584
0.02630418725311756
0.02198544330894947
0.09777894616127014
0.07032787054777145
0.04761345684528351
0.14020296931266785
0.18892307579517365
0.08002616465091705
0.04737117141485214
0.033852770924568176
0.20829905569553375
0.10758701711893082
0.024635963141918182
0.041905637830495834
0.17729538679122925
0.33660954236984253
0.04365556687116623
0.0659945011138916
0.8842929601669312
0.17272838950157166
0.16129714250564575
0.11795732378959656
0.3226875364780426
0.2168380469083786
0.14621728658676147
0.02813366800546646
0.34226471185684204
0.05540590360760689
0.02013254351913929
0.03894313424825668
0.015640247613191605
0.5745683312416077
0.020983057096600533
0.06890612095594406
0.1239575445652008
0.08209732919931412
0.13969820737838745
0.016567789018154144
0.12893396615982056
0.28913748264312744
0.05161948502063751
0.04261833801865578
0.1499319076538086
0.02081126905977726
0.10725574940443039
0.031655941158533096
0.033649664372205734
0.02869422547519207
0.200723335146904
0.19325828552246094
0.025246409699320793
0.03436283767223358
0.11018703132867813
0.14104540646076202
0.14236488938331604
0.1700793355703354
0.17147743701934814
0.018394913524389267
0.01873953454196453
0.030421432107686996
0.06316909193992615
0.027140723541378975
0.07104431092739105
0.03468560427427292
0.07828615605831146
0.0534016378223896
0.04105888307094574
0.04221062362194061
0.09455493092536926
0.07001099735498428
0.23093406856060028
0.040967848151922226
0.021986564621329308
0.058435652405023575
0.11178016662597656
0.3443203270435333
0.0867985188961029
0.131122887134552
0.2861400246620178
0.028238244354724884
0.012763534672558308
0.17112606763839722
0.009356074035167694
0.05581893026828766
0.0285057220607996
0.12461323291063309
0.0599248930811882
0.028937803581357002
0.12213925272226334
0.10686871409416199
0.10671621561050415
0.02331351302564144
0.03584084287285805
0.7616729140281677
0.021026087924838066
0.08834519982337952
0.028079787269234657
0.3149885833263397
0.3842226564884186
0.2960476279258728
0.08131721615791321
0.11953042447566986
0.05248751491308212
0.06564835458993912
0.020911460742354393
0.023623056709766388
0.5106385946273804
0.04512619972229004
0.14826886355876923
0.36315274238586426
0.23950225114822388
0.03928329050540924
0.32061442732810974
0.18662117421627045
0.02401881478726864
0.08270157873630524
0.03249763697385788
0.01207759603857994
0.1599118858575821
0.14241300523281097
0.010254730470478535
0.07549959421157837
0.1767144799232483
0.2029767781496048
0.043165747076272964
0.03824999928474426
0.09212647378444672
0.028406957164406776
0.25337180495262146
0.1805896908044815
0.03314457833766937
0.1507299542427063
0.05246717110276222
0.0991658866405487
0.036286577582359314
0.026782916858792305
0.16196614503860474
0.04048997163772583
0.06574971228837967
0.05829782038927078
0.0672253668308258
0.30507993698120117
0.025799870491027832
0.27778005599975586
0.03680555522441864
0.08354594558477402
0.14951781928539276
0.1644825041294098
0.16141481697559357
0.11870893836021423
0.02965538762509823
0.051818475127220154
0.015926606953144073
0.068334199488163
0.15233436226844788
0.18720991909503937
0.049258049577474594
0.027954181656241417
0.1086171343922615
0.018442152068018913
0.05875520035624504
0.46544039249420166
0.033278875052928925
0.2055622786283493
0.21588261425495148
0.3982604444026947
0.08624535799026489
0.08129686117172241
0.017946165055036545
0.05964651331305504
0.3416843116283417
0.34548458456993103
0.0460018664598465
0.2669631242752075
0.23022256791591644
0.036584317684173584
0.016510875895619392
0.04292283579707146
0.06638485938310623
0.08869695663452148
0.45673656463623047
0.043521273881196976
0.021592266857624054
0.040278080850839615
0.09229479730129242
0.26706477999687195
0.035991135984659195
0.10458260774612427
0.031098242849111557
0.014967245981097221
0.04188355803489685
0.07401373982429504
0.16634775698184967
0.08684396743774414
0.15368416905403137
0.09390603005886078
0.04012910649180412
0.014545349404215813
0.01901117153465748
0.09678380936384201
0.020533470436930656
0.018082235008478165
0.1829565316438675
0.020265474915504456
0.0139670604839921
0.04815016686916351
0.026139765977859497
0.022716432809829712
0.138788640499115
0.01840507984161377
0.022548317909240723
0.030541248619556427
0.06531423330307007
0.08483557403087616
0.04486240819096565
0.025019356980919838
0.11709126830101013
0.1734704226255417
0.5330568552017212
0.05278942734003067
0.06832809746265411
0.17972904443740845
0.13547690212726593
0.13862770795822144
0.07270476222038269
0.020031725987792015
0.0796484723687172
0.23050853610038757
0.09183120727539062
0.26527631282806396
0.13257953524589539
0.7199638485908508
0.026451531797647476
0.20699605345726013
0.09977112710475922
0.2114313542842865
0.13015931844711304
0.4144410789012909
0.19604410231113434
0.22182434797286987
0.08894166350364685
0.11554250121116638
0.15280671417713165
0.03797440975904465
0.20003432035446167
0.06456122547388077
0.16581888496875763
0.10564333945512772
0.04293399304151535
0.023069322109222412
0.13748975098133087
0.03420461714267731
0.0442669540643692
0.08190150558948517
0.13048367202281952
0.35361963510513306
0.19600242376327515
0.0636201873421669
0.35917624831199646
0.3221380412578583
0.16166239976882935
0.1966286301612854
0.09273936599493027
0.027572311460971832
0.0900944173336029
0.2915067672729492
0.3161582946777344
0.011236589401960373
0.3679431676864624
0.11546654254198074
0.04544837400317192
0.0961320623755455
0.040300317108631134
0.028262512758374214
0.055778905749320984
0.04189510643482208
0.03092186711728573
0.09428799897432327
0.022051937878131866
0.015298654325306416
0.2539854049682617
0.4964616596698761
0.3042186498641968
0.02828718163073063
0.017191745340824127
0.03606630861759186
0.22112900018692017
0.44666019082069397
0.9206981658935547
0.2971598207950592
0.2263455092906952
0.0218950342386961
0.10381907969713211
0.020785929635167122
0.12014823406934738
0.08094968646764755
0.08184608072042465
0.06702623516321182
0.21190890669822693
0.4752062261104584
0.7706722617149353
0.5854809880256653
0.6233431100845337
0.9284189939498901
0.8817353248596191
0.4749089479446411
0.6810617446899414
0.8245397806167603
0.802682101726532
0.8950590491294861
0.35011669993400574
0.2706432640552521
0.37374183535575867
0.2564944624900818
0.25028157234191895
0.9309777021408081
0.8777620792388916
0.46479660272598267
0.3087165951728821
0.30310890078544617
0.8501649498939514
0.5912649631500244
0.6122512817382812
0.9065701365470886
0.04117033630609512
0.22055286169052124
0.0844300165772438
0.5445876717567444
0.791702151298523
0.060556769371032715
0.985350489616394
0.9924178719520569
0.9923377633094788
0.0373254232108593
0.09922876954078674
0.6217631697654724
0.19685527682304382
0.903325080871582
0.795166552066803
0.9913914203643799
0.1791449785232544
0.14576908946037292
0.9827840328216553
0.9795594811439514
0.7988690733909607
0.8867520093917847
0.7967329621315002
0.6454104781150818
0.6274864077568054
0.2639194428920746
0.7940770387649536
0.6134492754936218
0.9757499694824219
0.910253643989563
0.31714949011802673
0.9158211946487427
0.9891070127487183
0.29499006271362305
0.21944989264011383
0.43962299823760986
0.2913004159927368
0.22313912212848663
0.6132130026817322
0.8996375203132629
0.7552616596221924
0.013455066829919815
0.06473709642887115
0.21211962401866913
0.5387317538261414
0.9626102447509766
0.9251086115837097
0.5579073429107666
0.8841648697853088
0.4931241273880005
0.29821136593818665
0.9113495945930481
0.7732369303703308
0.8405988216400146
0.6718899607658386
0.9228085279464722
0.9897379279136658
0.09269853681325912
0.87540602684021
0.8377105593681335
0.6556694507598877
0.10370605438947678
0.1398344337940216
0.29478490352630615
0.49455997347831726
0.04380595684051514
0.10110333561897278
0.8542786240577698
0.9366836547851562
0.8393287062644958
0.5902111530303955
0.9608036875724792
0.9776288270950317
0.9004512429237366
0.3945220708847046
0.7377884387969971
0.987136721611023
0.9828245639801025
0.9909862875938416
0.9882062077522278
0.7679196000099182
0.18799744546413422
0.8856216669082642
0.9778978824615479
0.9108977913856506
0.9910870790481567
0.2821807563304901
0.34515848755836487
0.5520981550216675
0.9516473412513733
0.21564052999019623
0.9128561019897461
0.8227120041847229
0.7624024748802185
0.8066631555557251
0.910369336605072
0.9257432222366333
0.9372146129608154
0.18928790092468262
0.0877947062253952
0.2133176028728485
0.6695424914360046
0.3913572132587433
0.3108764588832855
0.08443555235862732
0.20841793715953827
0.22055567800998688
0.17570511996746063
0.23384536802768707
0.20537352561950684
0.5281722545623779
0.5460622310638428
0.5122605562210083
0.8490012884140015
0.8243549466133118
0.5525555610656738
0.4597271680831909
0.5563843250274658
0.13672594726085663
0.11326559633016586
0.18863949179649353
0.4588760733604431
0.4601665735244751
0.9745482206344604
0.47462934255599976
0.4584534466266632
0.09230729937553406
0.23188897967338562
0.2031179666519165
0.8221166133880615
0.8842570185661316
0.5370798707008362
0.12254634499549866
0.6849006414413452
0.18754762411117554
0.847016453742981
0.9257643222808838
0.10541769117116928
0.0424986407160759
0.6678782105445862
0.7528284192085266
0.681710958480835
0.6526316404342651
0.8221368789672852
0.8407328724861145
0.7298214435577393
0.9699674248695374
0.9621245265007019
0.05076407641172409
0.4160998463630676
0.9201066493988037
0.6875799894332886
0.8998022079467773
0.8121967911720276
0.8687822222709656
0.024179304018616676
0.338358074426651
0.3626817464828491
0.9130297899246216
0.5923364162445068
0.49892377853393555
0.3270622789859772
0.21328334510326385
0.7505019903182983
0.6948941349983215
0.8401615023612976
0.7318309545516968
0.6343898773193359
0.726802408695221
0.6001799702644348
0.4406016170978546
0.37102335691452026
0.17663128674030304
0.07683828473091125
0.5147421956062317
0.2671352028846741
0.9484570622444153
0.995010256767273
0.11521041393280029
0.5061206221580505
0.06094783544540405
0.7161426544189453
0.6518832445144653
0.5543761849403381
0.8508692979812622
0.8158345818519592
0.5623292326927185
0.7881472110748291
0.6172053217887878
0.9131713509559631
0.08536422252655029
0.2637462019920349
0.5419334173202515
0.3921591341495514
0.9849656224250793
0.9754700064659119
0.9755542278289795
0.2655545473098755
0.07936505228281021
0.983723521232605
0.9699561595916748
0.544912576675415
0.760764479637146
0.7967365980148315
0.48766136169433594
0.9847989678382874
0.7638278603553772
0.5493760704994202
0.29256024956703186
0.6356936097145081
0.7153385877609253
0.7455661296844482
0.7802218794822693
0.6486846804618835
0.4878329634666443
0.8292882442474365
0.7720019221305847
0.7497847080230713
0.3786243498325348
0.967009425163269
0.9713174104690552
0.9747104644775391
0.9873672127723694
0.9840898513793945
0.7299864292144775
0.801430344581604
0.7035257816314697
0.12300661206245422
0.8659706115722656
0.6576128005981445
0.9736030101776123
0.2188677191734314
0.6597359776496887
0.8448103070259094
0.49996280670166016
0.5897217988967896
0.6821033954620361
0.16311807930469513
0.6631156206130981
0.5541035532951355
0.526366651058197
0.6764386892318726
0.42183056473731995
0.926581084728241
0.8840887546539307
0.8056662082672119
0.3032864034175873
0.2337900549173355
0.8988782167434692
0.9097817540168762
0.5810510516166687
0.1314312070608139
0.41220730543136597
0.3851756155490875
0.15674136579036713
0.5546543002128601
0.7995743751525879
0.09390159696340561
0.9945719838142395
0.9909790754318237
0.9908135533332825
0.8121218681335449
0.21141193807125092
0.3620293140411377
0.5158518552780151
0.5473893284797668
0.7908123135566711
0.2500494122505188
0.9628407955169678
0.9946144819259644
0.9877427220344543
0.37455523014068604
0.6271945834159851
0.7923740148544312
0.7051969766616821
0.9067627787590027
0.8191537857055664
0.6074135303497314
0.26855289936065674
0.7609760761260986
0.7839221358299255
0.9805882573127747
0.9671723246574402
0.9824496507644653
0.9949489235877991
0.9891070127487183
0.9806914925575256
0.8603501319885254
0.9165129065513611
0.9876681566238403
0.7390621304512024
0.5236282348632812
0.9756700992584229
0.9738177061080933
0.9818613529205322
0.5859735608100891
0.5540608167648315
0.7303569912910461
0.19045506417751312
0.9592617750167847
0.9800563454627991
0.9933769702911377
0.9887577891349792
0.7809571623802185
0.4538266360759735
0.9807720184326172
0.33296024799346924
0.34001171588897705
0.18940186500549316
0.9801437854766846
0.19839279353618622
0.2693503797054291
0.2492244988679886
0.09021899849176407
0.46164241433143616
0.3903256356716156
0.3260928690433502
0.5346349477767944
0.6906635165214539
0.48562315106391907
0.7713650465011597
0.4031911790370941
0.9833530783653259
0.23160222172737122
0.6580023169517517
0.13444867730140686
0.13314077258110046
0.1531033217906952
0.7843566536903381
0.8244459629058838
0.01872115395963192
0.33506399393081665
0.9867743253707886
0.9924882054328918
0.7078759074211121
0.9890666604042053
