0.6300202012062073
0.26183515787124634
0.8330534100532532
0.5532516241073608
0.8061960339546204
0.21366845071315765
0.1259280890226364
0.626993715763092
0.3977111279964447
0.6738346219062805
0.06030111014842987
0.35038116574287415
0.22059419751167297
0.7367270588874817
0.11487319320440292
0.9072873592376709
0.8571428656578064
0.4682030975818634
0.30490079522132874
0.1362036019563675
0.0917520746588707
0.3039129376411438
0.11420200765132904
0.29127928614616394
0.7133027911186218
0.1936352401971817
0.20370180904865265
0.6864320635795593
0.27402910590171814
0.8146122694015503
0.9268937706947327
0.8899256587028503
0.149457186460495
0.1429203301668167
0.8471478819847107
0.0817277655005455
0.9536359906196594
0.6341990232467651
0.05513058230280876
0.866236686706543
0.8940778374671936
0.8645200133323669
0.8959805965423584
0.04012395441532135
0.5862668752670288
0.8626983761787415
0.6781014204025269
0.8180423378944397
0.8457023501396179
0.2652400732040405
0.8079440593719482
0.11072610318660736
0.09744808077812195
0.7154092788696289
0.8620192408561707
0.7916756272315979
0.8225361108779907
0.5928617119789124
0.16824112832546234
0.8786858916282654
0.38775521516799927
0.9544135928153992
0.8676345348358154
0.8827625513076782
0.08735263347625732
0.3908286690711975
0.04226042702794075
0.8729486465454102
0.0186958909034729
0.6713869571685791
0.9336234331130981
0.9032152891159058
0.6590074896812439
0.8104849457740784
0.5706629157066345
0.32754889130592346
0.19599172472953796
0.10616683959960938
0.9182872176170349
0.06978955864906311
0.0493357889354229
0.23917850852012634
0.7293995022773743
0.10161896049976349
0.8671537637710571
0.18212001025676727
0.6450933814048767
0.9587875008583069
0.11838464438915253
0.10016973316669464
0.4300685524940491
0.08930478245019913
0.37253114581108093
0.8608507513999939
0.6768359541893005
0.7969404458999634
0.06273841112852097
0.2170921117067337
0.8710424900054932
0.008344992063939571
0.1947983205318451
0.16299821436405182
0.423061341047287
0.0993913859128952
0.01369188167154789
0.03915376588702202
0.4593532681465149
0.1885458081960678
0.4989287257194519
0.7200292944908142
0.887617826461792
0.8516284227371216
0.39002034068107605
0.6791216135025024
0.7583792209625244
0.035567756742239
0.8750075697898865
0.14072628319263458
0.10819867998361588
0.22226347029209137
0.12586601078510284
0.73321533203125
0.025733638554811478
0.9264228940010071
0.6160022020339966
0.976027250289917
0.9613550305366516
0.969918966293335
0.9737211465835571
0.8790180087089539
0.22711196541786194
0.05218319222331047
0.0380757711827755
0.014879981987178326
0.05943708121776581
0.40545180439949036
0.31402745842933655
0.2575806677341461
0.9552701115608215
0.023976106196641922
0.08336185663938522
0.20340171456336975
0.03528724983334541
0.940976083278656
0.09655508399009705
0.8967501521110535
0.1980196088552475
0.11819150298833847
0.8572410941123962
0.3156883120536804
0.7380399703979492
0.3583035171031952
0.540778398513794
0.9001810550689697
0.5224468111991882
0.3411972224712372
0.06358607858419418
0.05094556882977486
0.22385995090007782
0.09071549028158188
0.8096364736557007
0.5332787036895752
0.12249429523944855
0.06203365698456764
0.8213754296302795
0.11414749920368195
0.6496279835700989
0.4205402135848999
0.9269635081291199
0.026737604290246964
0.22799180448055267
0.1842777580022812
0.22599387168884277
0.19999435544013977
0.14514762163162231
0.40574556589126587
0.06267005205154419
0.07574941217899323
0.40025341510772705
0.8637412786483765
0.8272514939308167
0.9330523014068604
0.916015088558197
0.03141214698553085
0.08387508988380432
0.9367071390151978
0.831457793712616
0.9056717157363892
0.08485014736652374
0.021156879141926765
0.7715925574302673
0.05973278731107712
0.8753305077552795
0.9062884449958801
0.46815186738967896
0.25535833835601807
0.17768548429012299
0.025005659088492393
0.6245219111442566
0.9544258117675781
0.06772010028362274
0.2536484897136688
0.01236637867987156
0.26352396607398987
0.8531981110572815
0.0557171069085598
0.04333236441016197
0.19978870451450348
0.10530736297369003
0.040984392166137695
0.08193808048963547
0.06620045006275177
0.9521160125732422
0.05919357016682625
0.14226575195789337
0.06577762961387634
0.043410204350948334
0.8887940645217896
0.8587197661399841
0.04329192265868187
0.04065179452300072
0.6727868914604187
0.1055205911397934
0.9085220098495483
0.2262694388628006
0.9630542397499084
0.9661718606948853
0.19815388321876526
0.8803684115409851
0.7834305167198181
0.10249117761850357
0.01098374743014574
0.6667249798774719
0.04227549210190773
0.4994046092033386
0.879687488079071
0.1450354903936386
0.8010954260826111
0.0859590470790863
0.11499027162790298
0.014387531206011772
0.021374810487031937
0.13048918545246124
0.08365330100059509
0.3729788362979889
0.31160613894462585
0.9960072040557861
0.9917377829551697
0.09949389845132828
0.6754991412162781
0.8163418173789978
0.6099047064781189
0.06267363578081131
0.02571406587958336
0.04674490913748741
0.01253378577530384
0.17860013246536255
0.2719912528991699
0.18308714032173157
0.5912730097770691
0.12996725738048553
0.5531330704689026
0.281986266374588
0.9176024794578552
0.6670414805412292
0.06743419170379639
0.7951965928077698
0.5598753094673157
0.7251798510551453
0.47895368933677673
0.10994710773229599
0.1627899557352066
0.06044069677591324
0.09739672392606735
0.6636273264884949
0.2818964719772339
0.180922731757164
0.437460720539093
0.02552068419754505
0.6295958757400513
0.9279069304466248
0.8364278674125671
0.8762378096580505
0.881924033164978
0.16364550590515137
0.9228564500808716
0.7448066473007202
0.057565316557884216
0.05464863032102585
0.9059600830078125
0.8228532075881958
0.6829962134361267
0.8816568851470947
0.0653761774301529
0.02697029337286949
0.1884833425283432
0.9303810000419617
0.11701523512601852
0.7763512134552002
0.45485907793045044
0.19888173043727875
0.43387898802757263
0.17040379345417023
0.1803164929151535
0.26604223251342773
0.7675338387489319
0.17900975048542023
0.29398319125175476
0.7136900424957275
0.8743807077407837
0.06030236929655075
0.05202585831284523
0.6768965125083923
0.025354264304041862
0.70618736743927
0.16378828883171082
0.03171265870332718
0.23174834251403809
0.9132413864135742
0.2777508795261383
0.4552401006221771
0.05028979480266571
0.11534158885478973
0.7360278964042664
0.03927060216665268
0.8951338529586792
0.4867984652519226
0.03759470954537392
0.185560941696167
0.9872083067893982
0.04804668202996254
0.023948822170495987
0.07380463927984238
0.1453065425157547
0.01504976861178875
0.022258935496211052
0.9915923476219177
0.9768626689910889
0.5551000237464905
0.11675630509853363
0.7485995888710022
0.650929868221283
0.894744336605072
0.9131526947021484
0.10320760309696198
0.4074608385562897
0.32765060663223267
0.03220902010798454
0.08704032003879547
0.10893145203590393
0.8859478235244751
0.6891261339187622
0.7859992980957031
0.2522716820240021
0.5225730538368225
0.1844262331724167
0.03517990931868553
0.9926189184188843
0.39162367582321167
0.582417368888855
0.12103097885847092
0.03548848256468773
0.9185771942138672
0.17738793790340424
0.9069837927818298
0.9003753066062927
0.8333814740180969
0.8277100920677185
0.3214655816555023
0.04436559975147247
0.15910278260707855
0.795678436756134
0.6111289858818054
0.8312482833862305
0.590326189994812
0.5694601535797119
0.43643906712532043
0.9065858721733093
0.07583947479724884
0.23270343244075775
0.015346993692219257
0.0770203098654747
0.1405736804008484
0.8424660563468933
0.8926838040351868
0.059874940663576126
0.8847702145576477
0.75324946641922
0.06494130194187164
0.7156569957733154
0.5600192546844482
0.037134066224098206
0.009042562916874886
0.10940588265657425
0.9728358387947083
0.9690518975257874
0.9076347947120667
0.09242882579565048
0.6384983062744141
0.8738772869110107
0.40588268637657166
0.013565300963819027
0.8946877717971802
0.9366570115089417
0.06577828526496887
0.9621237516403198
0.23874220252037048
0.8485265970230103
0.944263219833374
0.7979389429092407
0.12423552572727203
0.17555923759937286
0.9046631455421448
0.7042197585105896
0.22643987834453583
0.7639245986938477
0.28096693754196167
0.8007494211196899
0.9096214175224304
0.704272985458374
0.7908197045326233
0.4030090868473053
0.8461082577705383
0.9187365174293518
0.13935008645057678
0.03352208808064461
0.4276304841041565
0.23240189254283905
0.9705379009246826
0.6865204572677612
0.061083123087882996
0.2972731590270996
0.11394919455051422
0.10093604028224945
0.14555926620960236
0.3064059615135193
0.8984606862068176
0.8451995849609375
0.9915993213653564
0.9890239238739014
0.021982338279485703
0.01654575765132904
0.23875397443771362
0.22855587303638458
0.3466726541519165
0.277914822101593
0.6426878571510315
0.045566145330667496
0.33253827691078186
0.06708747893571854
0.210763081908226
0.11571947485208511
0.2616371810436249
0.8991304039955139
0.9195152521133423
0.8129810094833374
0.6518978476524353
0.012964903376996517
0.11622818559408188
0.11854909360408783
0.12516441941261292
0.5763168334960938
0.4287024140357971
0.3611791729927063
0.8574216365814209
0.16687723994255066
0.8305041193962097
0.1835295855998993
0.16645954549312592
0.7989855408668518
0.6580899953842163
0.7614239454269409
0.803777277469635
0.7221918106079102
0.7127780914306641
0.723473310470581
0.7057982087135315
0.8719340562820435
0.06780636310577393
0.053968705236911774
0.0184936560690403
0.849846601486206
0.1817348152399063
0.013690974563360214
0.1503693163394928
0.4540044367313385
0.5216708779335022
0.12902216613292694
0.05927698686718941
0.21234621107578278
0.11371386051177979
0.8530257940292358
0.01697225123643875
0.016633223742246628
0.014741972088813782
0.6730346083641052
0.18098635971546173
0.1147579699754715
0.17078553140163422
0.2123641073703766
0.8932161927223206
0.8717858791351318
0.11677862703800201
0.8229968547821045
0.12247120589017868
0.42040398716926575
0.07663562148809433
0.027096319943666458
0.23999521136283875
0.20432808995246887
0.853076159954071
0.76454097032547
0.3118227422237396
0.030972657725214958
0.05209888145327568
0.02037888392806053
0.25814953446388245
0.026935476809740067
0.14939498901367188
0.3135165572166443
0.884393036365509
0.4906576871871948
0.7891761064529419
0.8948950171470642
0.07544555515050888
0.294310599565506
0.2205556333065033
0.79019695520401
0.5612239241600037
0.9235554933547974
0.021053848788142204
0.1345227062702179
0.8139151334762573
0.8625214695930481
0.8083108067512512
0.7181077599525452
0.7180405259132385
0.16161054372787476
0.6154495477676392
0.22763381898403168
0.5847002863883972
0.04856264591217041
0.11886723339557648
0.3043588399887085
0.8385080099105835
0.7577531337738037
0.690862774848938
0.1657067984342575
0.19376423954963684
0.8146741986274719
0.8489454984664917
0.882111132144928
0.0167856402695179
0.4185846745967865
0.15110842883586884
0.4053819477558136
0.057747431099414825
0.8941135406494141
0.8765857815742493
0.03090275451540947
0.7654474377632141
0.1110546812415123
0.7029027938842773
0.10168134421110153
0.13480855524539948
0.08330392837524414
0.8638474345207214
0.09573619067668915
0.5207056999206543
0.3665461838245392
0.10993614792823792
0.9246506094932556
0.00906763132661581
0.9061879515647888
0.19177541136741638
0.7755677700042725
0.8911791443824768
0.3147450089454651
0.029986673966050148
0.010273035615682602
0.27618837356567383
0.9253135323524475
0.14343754947185516
0.14866462349891663
0.35162100195884705
0.12789566814899445
0.9102470874786377
0.09196385741233826
0.901424765586853
0.09112203866243362
0.027745960280299187
0.8974735736846924
0.22636552155017853
0.068679578602314
0.3978579640388489
0.020427783951163292
0.12964150309562683
0.034390635788440704
0.0254830289632082
0.8667252659797668
0.04999493435025215
0.8404691815376282
0.5039611458778381
0.11908041685819626
0.07495873421430588
0.1956424117088318
0.16923800110816956
0.2531960606575012
0.07091005146503448
0.15619640052318573
0.3864681124687195
0.02634401246905327
0.3446425497531891
0.8051852583885193
0.9598609209060669
0.9520973563194275
0.02673855423927307
0.04579805210232735
0.03928232192993164
0.022082533687353134
0.023788750171661377
0.03366608917713165
0.9951668977737427
0.7021859288215637
0.7555995583534241
0.1832095831632614
0.5128016471862793
0.07251384109258652
0.0785803571343422
0.05568047985434532
0.1201496422290802
0.1367364376783371
0.8811171054840088
0.7617872953414917
0.33212360739707947
0.9163913726806641
0.19062219560146332
0.7824881076812744
0.29851776361465454
0.677421510219574
0.33976784348487854
0.9426823854446411
0.488007515668869
0.9694750905036926
0.04497046396136284
0.897091805934906
0.14052963256835938
0.8322517275810242
0.9635619521141052
0.9704054594039917
0.9619483947753906
0.16275519132614136
0.0785062313079834
0.791502833366394
0.09588919579982758
0.4164872169494629
0.05043136700987816
0.0243258997797966
0.6130717992782593
0.23188382387161255
0.6662816405296326
0.06802833080291748
0.3802280128002167
0.2613925337791443
0.02810165472328663
0.04121696203947067
0.6029464602470398
0.708317756652832
0.14852291345596313
0.030332382768392563
0.13926438987255096
0.2842939794063568
0.8762108683586121
0.16175343096256256
0.0756395012140274
0.5776808261871338
0.18554100394248962
0.6913019418716431
0.3724454939365387
0.8317320346832275
0.19972260296344757
0.7999703288078308
0.10301593691110611
0.17723990976810455
0.1509823501110077
0.013571739196777344
0.7515667080879211
0.5334587097167969
0.9394833445549011
0.6008374094963074
0.038828764110803604
0.1451793611049652
0.7619040012359619
0.5758275985717773
0.03885473310947418
0.6627756357192993
0.043774113059043884
0.033383604139089584
0.030696887522935867
0.9350256323814392
0.7309773564338684
0.9089276790618896
0.5824217200279236
0.11413057893514633
0.025138983502984047
0.44801610708236694
0.7507799863815308
0.23504073917865753
0.8804455399513245
0.1785837560892105
0.9449895620346069
0.6810834407806396
0.6919653415679932
0.8548322319984436
0.9208520650863647
0.6650067567825317
0.4539030194282532
0.1240018978714943
0.12429574877023697
0.2362823635339737
0.19123055040836334
0.8909257650375366
0.049227070063352585
0.03087569959461689
0.055919766426086426
0.9158366322517395
0.774678647518158
0.8393532633781433
0.44461455941200256
0.11752090603113174
0.030498255044221878
0.13473841547966003
0.0576794371008873
0.7922354340553284
0.08330212533473969
0.30384886264801025
0.5432026982307434
0.1915036290884018
0.10365232825279236
0.10933374613523483
0.07739685475826263
0.8449276089668274
0.966282308101654
0.7829359173774719
0.8209509253501892
0.8710752725601196
0.05708121880888939
0.4111437499523163
0.8753300309181213
0.014616657979786396
0.7779054045677185
0.03863820806145668
0.6106003522872925
0.8658117651939392
0.7901360988616943
0.0526159442961216
0.24710915982723236
0.6468664407730103
0.029122812673449516
0.7097854614257812
0.4591975510120392
0.4015835225582123
0.8763441443443298
0.10781487822532654
0.8759863972663879
0.32150062918663025
0.16064812242984772
0.8988978862762451
0.16220983862876892
0.7279847860336304
0.19194959104061127
0.6329514980316162
0.3299446702003479
0.3733380138874054
0.4443933069705963
0.9701759219169617
0.02950211800634861
0.04388245567679405
0.04910912364721298
0.03270474448800087
0.06333902478218079
0.054985903203487396
0.208924800157547
0.8693296909332275
0.11912906914949417
0.008214998990297318
0.13627009093761444
0.24583180248737335
0.13827009499073029
0.396396279335022
0.942631185054779
0.6641830205917358
0.0746476873755455
0.8992952704429626
0.06465088576078415
0.01775764487683773
0.6685349941253662
0.6871176362037659
0.04628213122487068
0.09583628922700882
0.025144292041659355
0.9241129755973816
0.25915610790252686
0.0352189876139164
0.7329093813896179
0.04949190840125084
0.06386588513851166
0.12095953524112701
0.37093374133110046
0.08367334306240082
0.0426533967256546
0.11296062916517258
0.032457511872053146
0.3399105966091156
0.1134156808257103
0.06100969761610031
0.846252977848053
0.6896581649780273
0.23811915516853333
0.04475249722599983
0.09825968742370605
0.12911291420459747
0.2022203505039215
0.28064361214637756
0.025061357766389847
0.8552093505859375
0.12457296252250671
0.509278416633606
0.23476392030715942
0.16514521837234497
0.16756857931613922
0.8464534878730774
0.06542027741670609
0.4689963161945343
0.8816467523574829
0.05569036677479744
0.4485849142074585
0.37816664576530457
0.019401034340262413
0.8655053377151489
0.7534287571907043
0.03203728795051575
0.5439111590385437
0.462776780128479
0.01665053516626358
0.6848657727241516
0.9390146732330322
0.01950841024518013
0.8892324566841125
0.26627522706985474
0.3960844576358795
0.11244888603687286
0.9584733843803406
0.22275596857070923
0.09065785259008408
0.49239489436149597
0.9025352001190186
0.05805699899792671
0.012010463513433933
0.8261550664901733
0.13782860338687897
0.43158388137817383
0.06032419204711914
0.8091498613357544
0.09233852475881577
0.009904835373163223
0.25519782304763794
0.7968710064888
0.10764367133378983
0.05584678426384926
0.8043867349624634
0.4525681138038635
0.04029984399676323
0.4037094712257385
0.017888545989990234
0.9756384491920471
0.987671434879303
0.28294432163238525
0.16812171041965485
0.027203092351555824
0.03286324068903923
0.8223744630813599
0.2856591045856476
0.024838801473379135
0.031221283599734306
0.04591839388012886
0.9521641135215759
0.055712439119815826
0.04703347384929657
0.11398795247077942
0.039320241659879684
0.01609991118311882
0.10734126716852188
0.9377895593643188
0.3182899057865143
0.13051001727581024
0.8249337673187256
0.8190552592277527
0.033051855862140656
0.11585147678852081
0.14390668272972107
0.0732586458325386
0.028184987604618073
0.10226797312498093
0.38434934616088867
0.06157609447836876
0.3298083543777466
0.029630227014422417
0.12769733369350433
0.01970064453780651
0.045350316911935806
0.04296451807022095
0.02594980038702488
0.020174941048026085
0.04405664652585983
0.03484761714935303
0.37633493542671204
0.028782736510038376
0.7581490874290466
0.20113587379455566
0.9921704530715942
0.9843488931655884
0.985139787197113
0.5722242593765259
0.8036338090896606
0.040334347635507584
0.04314412921667099
0.025479070842266083
0.016650136560201645
0.021881934255361557
0.5581522583961487
0.8836660385131836
0.17438894510269165
0.5657719969749451
0.018172869458794594
0.1402985006570816
0.05115816742181778
0.22185763716697693
0.5273416638374329
0.9854932427406311
0.8102190494537354
0.9111236333847046
0.9140358567237854
0.7732474207878113
0.027556151151657104
0.025014547631144524
0.10390696674585342
0.9229082465171814
0.11023084074258804
0.05219144746661186
0.11661247164011002
0.015354575589299202
0.025884846225380898
0.02280465140938759
0.13298828899860382
0.04306808486580849
0.48862189054489136
0.08890673518180847
0.07920385897159576
0.16336533427238464
0.9950789213180542
0.9951401352882385
0.9905195832252502
0.9865705370903015
0.9793161749839783
0.031004007905721664
0.06875336170196533
0.17149105668067932
0.3847979009151459
0.026283016428351402
0.07425990700721741
0.04849465936422348
0.9762141704559326
0.9757054448127747
0.01738736592233181
0.5034390091896057
0.017321337014436722
0.05699204280972481
0.05890404060482979
0.013378262519836426
0.9931830763816833
0.9846261143684387
0.11504115909337997
0.9898353219032288
0.9822895526885986
0.4923335611820221
0.04659911245107651
0.5473600625991821
0.7911022901535034
0.04397294670343399
0.03082851879298687
0.8756143450737
0.046829476952552795
0.9410836100578308
0.06587418168783188
0.14073340594768524
0.6242950558662415
0.6153743863105774
0.022613774985074997
0.9370590448379517
0.7234513163566589
0.9448632597923279
0.04155600816011429
0.3017053008079529
0.963181734085083
0.9162231683731079
0.3702312707901001
0.7999035716056824
0.08617338538169861
0.32048124074935913
0.06431059539318085
0.9009572863578796
0.1501036137342453
0.22769874334335327
0.825474739074707
0.9527232646942139
0.9232644438743591
0.8806807994842529
0.08668329566717148
0.704291045665741
0.3329252600669861
0.24306347966194153
0.6144564747810364
0.07271620631217957
0.33484363555908203
0.37707340717315674
0.05436959117650986
0.9098179936408997
0.01676882989704609
0.17910122871398926
0.013503101654350758
0.9026549458503723
0.2788954973220825
0.46513843536376953
0.6956492066383362
0.6311202645301819
0.6854239702224731
0.1924864649772644
0.8034144043922424
0.3631358742713928
0.07685302942991257
0.8512247204780579
0.896586537361145
0.27109935879707336
0.3602119982242584
0.19873879849910736
0.6067646145820618
0.11586270481348038
0.03633725270628929
0.7696399688720703
0.5108715295791626
0.09073328971862793
0.4036857783794403
0.7427101135253906
0.6537094712257385
0.15853500366210938
0.6890925168991089
0.8419218063354492
0.593388020992279
0.7232353091239929
0.9227379560470581
0.6894212365150452
0.3355747163295746
0.04051314294338226
0.9100383520126343
0.09837668389081955
0.8268423676490784
0.09217854589223862
0.6824089884757996
0.6767579317092896
0.3939008116722107
0.5126160383224487
0.619035542011261
0.15654288232326508
0.8840640783309937
0.9221038818359375
0.8169736862182617
0.6470113396644592
0.9337697625160217
0.1825803965330124
0.117948018014431
0.12797585129737854
0.8753215670585632
0.8658668398857117
0.04450837895274162
0.2797519266605377
0.20022252202033997
0.5598060488700867
0.22853393852710724
0.5711854100227356
0.6475817561149597
0.2047276645898819
0.42076045274734497
0.06639903038740158
0.6117461323738098
0.9037850499153137
0.029169820249080658
0.08099816739559174
0.803015410900116
0.8841844201087952
0.05387884005904198
0.10882928222417831
0.5863654613494873
0.008852082304656506
0.8799468874931335
0.015999767929315567
0.0175891425460577
0.07041694223880768
0.7337191700935364
0.0689912959933281
0.8495283722877502
0.28566837310791016
0.151327982544899
0.029752202332019806
0.4443623721599579
0.02101028524339199
0.08312345296144485
0.10932081192731857
0.19907529652118683
0.1011585220694542
0.22542396187782288
0.8297592997550964
0.12677355110645294
0.05100857466459274
0.08951857686042786
0.040906183421611786
0.027469543740153313
0.012491386383771896
0.09127426147460938
0.034441299736499786
0.18305201828479767
0.02513851411640644
0.012514705769717693
0.5400848984718323
0.2543755769729614
0.6782914400100708
0.0621778778731823
0.19889256358146667
0.8286983370780945
0.06778621673583984
0.47653213143348694
0.08022847771644592
0.020291628316044807
0.20713528990745544
0.5538915395736694
0.01798243634402752
0.015437140129506588
0.0547967329621315
0.34200379252433777
0.10512563586235046
0.02282492257654667
0.04022015258669853
0.018678080290555954
0.0841231495141983
0.29127708077430725
0.5552393198013306
0.06611137837171555
0.014875453896820545
0.07075579464435577
0.04678461328148842
0.11258333176374435
0.48942866921424866
0.39459484815597534
0.12476024031639099
0.019248638302087784
0.021495163440704346
0.10141781717538834
0.06369032710790634
0.24579893052577972
0.796385645866394
0.0360105037689209
0.6314978003501892
0.2690504789352417
0.6205130219459534
0.059947896748781204
0.8679259419441223
0.17898957431316376
0.08950062096118927
0.07860951870679855
0.687682032585144
0.01894550770521164
0.7310546636581421
0.5867584347724915
0.44250842928886414
0.05802415311336517
0.018326448276638985
0.3206712305545807
0.2532750964164734
0.5751063823699951
0.049665745347738266
0.2170466035604477
0.21560128033161163
0.7654023766517639
0.4969644248485565
0.3370663523674011
0.06288442015647888
0.061184339225292206
0.45292729139328003
0.28186866641044617
0.04111281782388687
0.4529440701007843
0.7173145413398743
0.2861277163028717
0.7953189015388489
0.328222393989563
0.1904325634241104
0.22783119976520538
0.015618028119206429
0.05456376075744629
0.7148330807685852
0.07828521728515625
0.7127052545547485
0.1237606555223465
0.15769293904304504
0.036612045019865036
0.1524970382452011
0.02388298325240612
0.07365599274635315
0.11333010345697403
0.01437381375581026
0.04665264114737511
0.019504601135849953
0.03845739737153053
0.03660799190402031
0.21405479311943054
0.7411345839500427
0.04290831834077835
0.021102815866470337
0.8819886445999146
0.5709496736526489
0.11510896682739258
0.16388893127441406
0.07766140252351761
0.04552488401532173
0.04589822515845299
0.15131153166294098
0.2454831749200821
0.043824803084135056
0.01641823723912239
0.02513042278587818
0.030511045828461647
0.015106519684195518
0.19734357297420502
0.06101048365235329
0.04197598248720169
0.047867901623249054
0.00837878417223692
0.7204271554946899
0.756537139415741
0.04696877300739288
0.07083478569984436
0.04520895332098007
0.029810212552547455
0.01852995529770851
0.14107581973075867
0.03484327718615532
0.11652776598930359
0.1064574271440506
0.12069465219974518
0.06953444331884384
0.1814405918121338
0.028500640764832497
0.11196847259998322
0.07460279017686844
0.6574971079826355
0.41327956318855286
0.05791042745113373
0.7341705560684204
0.12723763287067413
0.09018148481845856
0.09077844768762589
0.07234446704387665
0.12558510899543762
0.10419256240129471
0.10911384969949722
0.26656997203826904
0.13311611115932465
0.11548351496458054
0.12239672243595123
0.01734565943479538
0.017281344160437584
0.03791581839323044
0.14234735071659088
0.046202778816223145
0.05223767086863518
0.17784741520881653
0.08792885392904282
0.22424548864364624
0.1056206226348877
0.13738445937633514
0.07098586112260818
0.21706467866897583
0.23264259099960327
0.057012639939785004
0.3341214954853058
0.08557150512933731
0.15158285200595856
0.04411628097295761
0.10958253592252731
0.0287349633872509
0.1461399346590042
0.12446076422929764
0.42594459652900696
0.07337029278278351
0.40556254982948303
0.912892758846283
0.245730921626091
0.11756471544504166
0.06731616705656052
0.06351421028375626
0.04608039930462837
0.11939560621976852
0.11291227489709854
0.0643237978219986
0.18552014231681824
0.1251886785030365
0.198251873254776
0.1516047567129135
0.048654280602931976
0.25532644987106323
0.3505522608757019
0.06095040589570999
0.059748247265815735
0.3117438852787018
0.01482081413269043
0.15602871775627136
0.126947283744812
0.046532053500413895
0.061559684574604034
0.05066177621483803
0.1262345314025879
0.0646919384598732
0.07484136521816254
0.11806527525186539
0.30377018451690674
0.03801143541932106
0.2582322955131531
0.5002533793449402
0.13717947900295258
0.1431652456521988
0.05264381691813469
0.0092648109421134
0.09600382298231125
0.07915078103542328
0.027659395709633827
0.036488939076662064
0.011338731274008751
0.015053065493702888
0.07994071394205093
0.022365231066942215
0.146651953458786
0.04706953093409538
0.060922347009181976
0.14319083094596863
0.3903430998325348
0.04885408654808998
0.014191011898219585
0.014325421303510666
0.05532209575176239
0.0661868005990982
0.017552057281136513
0.015290576964616776
0.05751747637987137
0.028107766062021255
0.03543921187520027
0.07680925726890564
0.18079914152622223
0.024983404204249382
0.06935671716928482
0.2969611585140228
0.014834827743470669
0.41495880484580994
0.09533944725990295
0.7335949540138245
0.3747168779373169
0.27290037274360657
0.14843149483203888
0.21944476664066315
0.2108500599861145
0.9075654149055481
0.14234325289726257
0.03337402269244194
0.09295201301574707
0.5628498792648315
0.8038563132286072
0.09775149822235107
0.37364625930786133
0.6813880205154419
0.024151090532541275
0.5585359334945679
0.8301926255226135
0.16072019934654236
0.027384065091609955
0.03808565065264702
0.5051433444023132
0.7681828737258911
0.41061776876449585
0.08133142441511154
0.07597879320383072
0.018567482009530067
0.29113349318504333
0.034666020423173904
0.04517873749136925
0.628775954246521
0.7091557383537292
0.5298652648925781
0.10211546719074249
0.051227860152721405
0.09796790778636932
0.7205172777175903
0.07873367518186569
0.021386388689279556
0.047968484461307526
0.3935627341270447
0.10733618587255478
0.10384213179349899
0.4575561583042145
0.08632498234510422
0.08543393015861511
0.1323177069425583
0.15905874967575073
0.43626347184181213
0.028868921101093292
0.07251911610364914
0.10715141147375107
0.11220107972621918
0.02916804887354374
0.04621080309152603
0.016401175409555435
0.04299170523881912
0.18811653554439545
0.028392653912305832
0.9771252274513245
0.9696035385131836
0.9616416692733765
0.06741145253181458
0.7323443293571472
0.7832741141319275
0.014118367806077003
0.011977980844676495
0.37043142318725586
0.7851110100746155
0.0442618690431118
0.16528668999671936
0.027112266048789024
0.1896117478609085
0.05901523679494858
0.03656293824315071
0.07637720555067062
0.1734565943479538
0.4253374934196472
0.010149373672902584
0.1458463817834854
0.9938422441482544
0.987800657749176
0.23553399741649628
0.4662525951862335
0.06535051763057709
0.05049290508031845
0.4069729745388031
0.19833722710609436
0.014780012890696526
0.04703478515148163
0.5082847476005554
0.05216672271490097
0.5153544545173645
0.7700648903846741
0.18833069503307343
0.4133375287055969
0.11893857270479202
0.6134169697761536
0.15134920179843903
0.8697450160980225
0.12152840942144394
0.12559548020362854
0.08573412150144577
0.027219392359256744
0.5453179478645325
0.023017384111881256
0.06353329867124557
0.561390221118927
0.036048609763383865
0.01757345348596573
0.04271993786096573
0.34599417448043823
0.08704045414924622
0.0337911993265152
0.20736604928970337
0.35037872195243835
0.2222406268119812
0.09492473304271698
0.5925725698471069
0.6835588216781616
0.24416330456733704
0.07603906840085983
0.03391849994659424
0.009806091897189617
0.07859916985034943
0.023335155099630356
0.04527262598276138
0.019104592502117157
0.048620641231536865
0.14064034819602966
0.2879332900047302
0.1356523036956787
0.026796530932188034
0.9036766290664673
0.024331381544470787
0.18115340173244476
0.1702461689710617
0.05694815143942833
0.06459445506334305
0.02207360789179802
0.03877856582403183
0.9702435731887817
0.04610538110136986
0.7267885208129883
0.7505275011062622
0.8941865563392639
0.017915325239300728
0.03848850354552269
0.017942344769835472
0.02584434486925602
0.012554988265037537
0.01343065220862627
0.049785174429416656
0.08815104514360428
0.022395897656679153
0.6321237683296204
0.1315413862466812
0.03268291801214218
0.01930866949260235
0.016020679846405983
0.57647305727005
0.4564090967178345
0.6978966593742371
0.02178795263171196
0.23078231513500214
0.18036769330501556
0.1485043168067932
0.0735761821269989
0.05182326212525368
0.01460106298327446
0.7876988053321838
0.7930026650428772
0.015998968854546547
0.4653765559196472
0.3423822522163391
0.016755521297454834
0.015108812600374222
0.25672948360443115
0.05671580135822296
0.04835814610123634
0.39986908435821533
0.04401463642716408
0.03605479374527931
0.03443584591150284
0.014436922036111355
0.06911895424127579
0.02563398890197277
0.09938960522413254
0.09619103372097015
0.07503192126750946
0.012340915389358997
0.16524584591388702
0.09334241598844528
0.021754853427410126
0.12500156462192535
0.05311034992337227
0.043452464044094086
0.11058162152767181
0.14794078469276428
0.02251363918185234
0.09366872906684875
0.6450149416923523
0.060529883950948715
0.01703522726893425
0.0852254256606102
0.12255910784006119
0.09154333174228668
0.09970902651548386
0.025053946301341057
0.12440042197704315
0.03380323201417923
0.7157854437828064
0.9874159097671509
0.9570035338401794
0.2875244915485382
0.0759398564696312
0.669020414352417
0.009815760888159275
0.05137137323617935
0.0549323670566082
0.024026865139603615
0.9602009057998657
0.01822654716670513
0.010158578865230083
0.1853049397468567
0.06975151598453522
0.043743595480918884
0.056906022131443024
0.17454907298088074
0.5791355967521667
0.6144372224807739
0.46034324169158936
0.35113009810447693
0.1258324533700943
0.08993242681026459
0.26131221652030945
0.5166317820549011
0.02985602617263794
0.01624423637986183
0.8753463625907898
0.1339530348777771
0.913885772228241
0.123705193400383
0.07090084254741669
0.9896997809410095
0.10055660456418991
0.31982672214508057
0.01668328419327736
0.45645490288734436
0.0424167700111866
0.461212158203125
0.8789136409759521
0.25309205055236816
0.0224530640989542
0.02314411848783493
0.05529509857296944
0.08019544184207916
0.11802016198635101
0.17902685701847076
0.11610042303800583
0.03861047327518463
0.0644085556268692
0.011917229741811752
0.025864016264677048
0.012788227759301662
0.8895607590675354
0.12524281442165375
0.021500123664736748
0.02304834872484207
0.029588574543595314
0.025864945724606514
0.1504867970943451
0.015309802256524563
0.7843021750450134
0.036537837237119675
0.1924937516450882
0.9798458814620972
0.2663138210773468
0.4586469829082489
0.8603192567825317
0.3393877446651459
0.1673012226819992
0.16618198156356812
0.14570090174674988
0.17507272958755493
0.3148125410079956
0.01281625498086214
0.0220407173037529
0.022855272516608238
0.6779881119728088
0.5628920197486877
0.4672394394874573
0.6835200190544128
0.599017322063446
0.0651463121175766
0.22128994762897491
0.011747163720428944
0.01662200130522251
0.019699910655617714
0.03128763660788536
0.26175904273986816
0.05417745187878609
0.7320448160171509
0.24836884438991547
0.10804854333400726
0.025781171396374702
0.02303558960556984
0.24449723958969116
0.034253474324941635
0.15951761603355408
0.013762811198830605
0.014302356168627739
0.024643288925290108
0.0727817565202713
0.03768650069832802
0.0617610402405262
0.06213248521089554
0.3017769157886505
0.07952927052974701
0.023844027891755104
0.06951212882995605
0.24686074256896973
0.9778540134429932
0.964746356010437
0.2964324355125427
0.5235632061958313
0.06838193535804749
0.0181442778557539
0.04321696236729622
0.023868286982178688
0.024117128923535347
0.12209436297416687
0.7860089540481567
0.0986764132976532
0.03953324630856514
0.01258817221969366
0.12094667553901672
0.024943258613348007
0.2592628598213196
0.062129538506269455
0.03999234363436699
0.09603787958621979
0.8369668126106262
0.42406418919563293
0.010344603098928928
0.04780005291104317
0.012117507867515087
0.05984536558389664
0.30219823122024536
0.3768463730812073
0.048866674304008484
0.06027000769972801
0.10646439343690872
0.04965866357088089
0.14499934017658234
0.08799276500940323
0.06859529763460159
0.41241368651390076
0.5623213052749634
0.3178609013557434
0.07010091096162796
0.03348575159907341
0.6839659810066223
0.5340451598167419
0.8209344148635864
0.7151538729667664
0.6897081732749939
0.1064421609044075
0.04035007953643799
0.05245257914066315
0.02835730090737343
0.33992651104927063
0.3137010335922241
0.38769933581352234
0.6857261061668396
0.07219134271144867
0.12561383843421936
0.025990216061472893
0.13563302159309387
0.08515749871730804
0.20842652022838593
0.12932448089122772
0.7308698296546936
0.08745945245027542
0.43357881903648376
0.03583351895213127
0.6735124588012695
0.2249445617198944
0.018934961408376694
0.4720335900783539
0.05546751245856285
0.6507049798965454
0.047659311443567276
0.3588118851184845
0.04362236335873604
0.043913617730140686
0.019426235929131508
0.214894101023674
0.039236221462488174
0.14791983366012573
0.025185059756040573
0.09241754561662674
0.11604978889226913
0.08856676518917084
0.06906285136938095
0.8859187960624695
0.8754488229751587
0.7607619762420654
0.07513020187616348
0.10487007349729538
0.022053005173802376
0.12693819403648376
0.057075385004282
0.01946890354156494
0.4926559329032898
0.05427270010113716
0.1332440823316574
0.16381119191646576
0.15657053887844086
0.0445823147892952
0.3535812497138977
0.043472643941640854
0.4132484197616577
0.7731173038482666
0.21166764199733734
0.7977587580680847
0.45184946060180664
0.2755442261695862
0.0490446574985981
0.3820626437664032
0.16654065251350403
0.43867233395576477
0.01597309485077858
0.2996160089969635
0.03196149319410324
0.12089815735816956
0.07824733108282089
0.021864084526896477
0.2845577299594879
0.018351664766669273
0.2812407612800598
0.11912580579519272
0.0212870966643095
0.7939260005950928
0.12203903496265411
0.13569092750549316
0.07434405386447906
0.025529712438583374
0.1949835568666458
0.014401913620531559
0.060364898294210434
0.12020161747932434
0.27636370062828064
0.05549249425530434
0.17168830335140228
0.15128198266029358
0.026288628578186035
0.014352889731526375
0.13316409289836884
0.0515543669462204
0.011883783154189587
0.023514922708272934
0.10985544323921204
0.07103051245212555
0.03340144455432892
0.03267880156636238
0.017006445676088333
0.16255483031272888
0.08032140880823135
0.021298525854945183
0.026075035333633423
0.5602368116378784
0.4894241392612457
0.015190032310783863
0.1981300264596939
0.10250553488731384
0.13393858075141907
0.03768344968557358
0.51374751329422
0.6496009230613708
0.057318367063999176
0.05736599117517471
0.18561263382434845
0.06616458296775818
0.06246398389339447
0.013185203075408936
0.05519033223390579
0.11018722504377365
0.11454137414693832
0.05193021520972252
0.052808839827775955
0.01971251331269741
0.024174124002456665
0.04285009577870369
0.9513238668441772
0.8738730549812317
0.9327569603919983
0.017030347138643265
0.9206640720367432
0.919843316078186
0.1330752968788147
0.6139709949493408
0.03720499575138092
0.03783687204122543
0.07014734297990799
0.05257755145430565
0.02886423096060753
0.1279955953359604
0.07337368279695511
0.08740181475877762
0.07782899588346481
0.06442444026470184
0.5905455350875854
0.03852292150259018
0.9958802461624146
0.920669436454773
0.16433732211589813
0.033704135566949844
0.15744690597057343
0.28962087631225586
0.8896821141242981
0.09637618809938431
0.3401128351688385
0.016597550362348557
0.19122935831546783
0.035561300814151764
0.029888710007071495
0.03349504992365837
0.21635238826274872
0.6617650985717773
0.12734541296958923
0.514586865901947
0.8260051012039185
0.8200720548629761
0.07042146474123001
0.12870436906814575
0.20923836529254913
0.015308908186852932
0.1315045803785324
0.1512293517589569
0.11047257483005524
0.1108107939362526
0.7285115122795105
0.5716791152954102
0.08569826185703278
0.021856367588043213
0.12191343307495117
0.5270625948905945
0.015071080066263676
0.013278363272547722
0.055492814630270004
0.0964597761631012
0.1918714940547943
0.014160698279738426
0.0712052434682846
0.821549654006958
0.13068895041942596
0.28223916888237
0.30767878890037537
0.16116942465305328
0.3342097997665405
0.05881115421652794
0.9577369093894958
0.08007021993398666
0.025760257616639137
0.03832700476050377
0.10396423190832138
0.02413231134414673
0.12506429851055145
0.09411416947841644
0.47185468673706055
0.15944001078605652
0.554167628288269
0.8394824266433716
0.07429047673940659
0.09134244173765182
0.302606999874115
0.7039018273353577
0.031398020684719086
0.6589192152023315
0.032967641949653625
0.3903088867664337
0.16448238492012024
0.02326521836221218
0.56067955493927
0.061277125030756
0.028953375294804573
0.42554888129234314
0.30742913484573364
0.7687779664993286
0.698043704032898
0.09199784696102142
0.186680406332016
0.02574104815721512
0.03417325019836426
0.07337713986635208
0.045703064650297165
0.06750938296318054
0.12223708629608154
0.04801548272371292
0.16918426752090454
0.5480309724807739
0.06873591244220734
0.10041412711143494
0.08397781848907471
0.15131539106369019
0.06371428817510605
0.10505365580320358
0.01815531775355339
0.04156237840652466
0.537655770778656
0.05924176424741745
0.1313546597957611
0.0761871337890625
0.22746466100215912
0.6361036896705627
0.4393233060836792
0.22121615707874298
0.8287631869316101
0.35251206159591675
0.10968634486198425
0.02495839074254036
0.023607023060321808
0.01636156253516674
0.04144919663667679
0.3948550224304199
0.3967415392398834
0.033117420971393585
0.3561075031757355
0.8103240728378296
0.697250485420227
0.016757003962993622
0.026486508548259735
0.33575910329818726
0.007030806504189968
0.15191082656383514
0.15378409624099731
0.9602706432342529
0.7970076203346252
0.9237229228019714
0.12857657670974731
0.10525689274072647
0.024730928242206573
0.059014853090047836
0.569232165813446
0.0244059469550848
0.25757336616516113
0.021203957498073578
0.7837730646133423
0.14878030121326447
0.09050066769123077
0.06140641123056412
0.028014089912176132
0.28129664063453674
0.059489987790584564
0.0712297260761261
0.10189826786518097
0.025137629359960556
0.015786612406373024
0.026926828548312187
0.09856191277503967
0.6382229924201965
0.8263756036758423
0.5756359696388245
0.7778457403182983
0.30736222863197327
0.02756066992878914
0.674735963344574
0.07353190332651138
0.2550548315048218
0.06048255413770676
0.6073483228683472
0.2546323239803314
0.05173797160387039
0.24443529546260834
0.0587536059319973
0.06590941548347473
0.18836742639541626
0.20165978372097015
0.3931645452976227
0.6308146119117737
0.6966200470924377
0.7328245639801025
0.23947899043560028
0.016373751685023308
0.042931023985147476
0.04965227469801903
0.009772072546184063
0.4590664207935333
0.1185094565153122
0.1474108248949051
0.03925551846623421
0.37292149662971497
0.0985698401927948
0.3490647077560425
0.8408884406089783
0.16986897587776184
0.11119120568037033
0.03031475469470024
0.149320587515831
0.9814676642417908
0.9826575517654419
0.46377092599868774
0.0699237510561943
0.042155127972364426
0.4176172614097595
0.4296363294124603
0.12496461719274521
0.29789629578590393
0.1475028097629547
0.01607157662510872
0.02020973525941372
0.09729105979204178
0.5341495275497437
0.0737697184085846
0.12121334671974182
0.1287274956703186
0.08520933985710144
0.0778026133775711
0.1072390079498291
0.7174692153930664
0.06582935899496078
0.2664671242237091
0.11789798736572266
0.2371979057788849
0.23268963396549225
0.41890478134155273
0.09045965224504471
0.03888319432735443
0.07349660247564316
0.13390129804611206
0.9941267371177673
0.9944733381271362
0.9883565306663513
0.04400569945573807
0.7842705249786377
0.02583322487771511
0.09999267011880875
0.020744508132338524
0.09250419586896896
0.3210901916027069
0.04362323507666588
0.07929868996143341
0.24432824552059174
0.06991365551948547
0.16700425744056702
0.03909742087125778
0.03397059440612793
0.8221943974494934
0.3530919849872589
0.041374292224645615
0.37977302074432373
0.10092887282371521
0.07074154168367386
0.072950579226017
0.23204731941223145
0.016735652461647987
0.07667093724012375
0.1307242065668106
0.8425723910331726
0.11032300442457199
0.24382373690605164
0.07427826523780823
0.03863609582185745
0.03530408814549446
0.0362512543797493
0.6900865435600281
0.04844877868890762
0.055652860552072525
0.05833270773291588
0.051589448004961014
0.016891155391931534
0.662325918674469
0.09682644158601761
0.09090106934309006
0.2666495740413666
0.09014280885457993
0.018260041251778603
0.3968428075313568
0.22510692477226257
0.016581928357481956
0.03529606759548187
0.0365479476749897
0.023858504369854927
0.21950975060462952
0.04716828092932701
0.019007254391908646
0.10256176441907883
0.24366384744644165
0.20399434864521027
0.5482333302497864
0.5781533718109131
0.013859445229172707
0.026460152119398117
0.08969183266162872
0.12110188603401184
0.11482351273298264
0.07968171685934067
0.21306827664375305
0.1626145988702774
0.21471312642097473
0.013730918057262897
0.5900886058807373
0.9843413233757019
0.9443426132202148
0.9534091353416443
0.5384230017662048
0.03751816228032112
0.13287925720214844
0.26577940583229065
0.27798303961753845
0.2603914141654968
0.1621299684047699
0.04281982034444809
0.08978405594825745
0.6547918915748596
0.030102334916591644
0.034260332584381104
0.8804675340652466
0.026205791160464287
0.036447327584028244
0.04790150374174118
0.9856576919555664
0.7523779273033142
0.013567304238677025
0.2876147925853729
0.5771780014038086
0.5726102590560913
0.5439818501472473
0.24733838438987732
0.017286507412791252
0.09756878763437271
0.30030345916748047
0.4748576879501343
0.3458090126514435
0.014823711477220058
0.5162244439125061
0.10699868202209473
0.40781083703041077
0.019980767741799355
0.5111953020095825
0.8549602627754211
0.9118099212646484
0.02040175534784794
0.7095493078231812
0.4698239266872406
0.816911518573761
0.21775510907173157
0.1565435528755188
0.033548519015312195
0.22370457649230957
0.02507026121020317
0.0989486426115036
0.2961914837360382
0.20797547698020935
0.019276343286037445
0.16413357853889465
0.6899028420448303
0.18183617293834686
0.023443059995770454
0.15505772829055786
0.9054481983184814
0.23392504453659058
0.6572825908660889
0.5143298506736755
0.06328132003545761
0.2787564694881439
0.08704674988985062
0.648119330406189
0.22969232499599457
0.03163474053144455
0.532715380191803
0.03655281290411949
0.07034564018249512
0.1714407354593277
0.17808137834072113
0.013005195185542107
0.7818379998207092
0.2678900361061096
0.20552127063274384
0.05280028656125069
0.05510109290480614
0.16218289732933044
0.030528556555509567
0.014372683130204678
0.01291684154421091
0.11337197571992874
0.0361328125
0.020808406174182892
0.010589358396828175
0.06408287584781647
0.029721206054091454
0.8278732895851135
0.20705007016658783
0.033544767647981644
0.4821239113807678
0.04402352496981621
0.013981025665998459
0.025744108483195305
0.7406117916107178
0.493810772895813
0.48352253437042236
0.44785624742507935
0.6802729964256287
0.7665464878082275
0.7206458449363708
0.9562864899635315
0.9731194972991943
0.4561043679714203
0.9857878088951111
0.679885745048523
0.2566670775413513
0.6634225249290466
0.9168520569801331
0.6185044646263123
0.020143747329711914
0.029989665374159813
0.8917476534843445
0.755754828453064
0.04094034805893898
0.874092698097229
0.928688108921051
0.01955234445631504
0.036052655428647995
0.013012710958719254
0.8865954279899597
0.8323723077774048
0.05166317895054817
0.9020147323608398
0.3443969786167145
0.1479848027229309
0.22955068945884705
0.010512673296034336
0.09341942518949509
0.1221747174859047
0.9324471354484558
0.8320425748825073
0.1007591038942337
0.02384180575609207
0.24878309667110443
0.1178622618317604
0.09193620085716248
0.21926389634609222
0.08668406307697296
0.6226427555084229
0.5857307314872742
0.02185695618391037
0.5966081023216248
0.0512511245906353
0.17418940365314484
0.23196043074131012
0.48829126358032227
0.4271557629108429
0.043898869305849075
0.09665975719690323
0.045506469905376434
0.024085793644189835
0.168214350938797
0.009390775114297867
0.15913161635398865
0.20747552812099457
0.7568197250366211
0.8393183946609497
0.5610898733139038
0.8507475256919861
0.06434597820043564
0.048109058290719986
0.28496041893959045
0.42454129457473755
0.01093959528952837
0.0235665962100029
0.01677882857620716
0.028574293479323387
0.005037822760641575
0.012812206521630287
0.019578348845243454
0.019793130457401276
0.08502284437417984
0.10663086920976639
0.01093353796750307
0.22897450625896454
0.014168898575007915
0.5881404876708984
0.012622702866792679
0.3537602126598358
0.32228538393974304
0.3484525978565216
0.39776936173439026
0.48983249068260193
0.030836012214422226
0.03801245614886284
0.0447845458984375
0.01333623006939888
0.2410925179719925
0.018612390384078026
0.04365767166018486
0.6490267515182495
0.024612009525299072
0.01532488502562046
0.9501226544380188
0.09176863729953766
0.28175634145736694
0.03973257914185524
0.5841534733772278
0.4470130205154419
0.5899572968482971
0.5774611830711365
0.5958292484283447
0.4764076769351959
0.08253241330385208
0.8171510100364685
0.7618894577026367
0.0406811460852623
0.13786840438842773
0.5934956669807434
0.27604106068611145
0.029477011412382126
0.6228493452072144
0.10554023087024689
0.07848506420850754
0.6195151805877686
0.05040750652551651
0.01881227269768715
0.3419707119464874
0.011906680651009083
0.2983042895793915
0.06542834639549255
0.22580774128437042
0.3176474869251251
0.2789250612258911
0.02104530669748783
0.5631886720657349
0.8135635256767273
0.6640133261680603
0.2149638831615448
0.5487737655639648
0.7182216048240662
0.05397624149918556
0.135980024933815
0.09822214394807816
0.04570494964718819
0.6419706344604492
0.13629747927188873
0.011719932779669762
0.038932982832193375
0.012174917384982109
0.036412760615348816
0.051451995968818665
0.011572004295885563
0.016851944848895073
0.13864561915397644
0.04579940810799599
0.10034708678722382
0.13450494408607483
0.015189251862466335
0.28869137167930603
0.18851496279239655
0.01814337633550167
0.07035629451274872
0.018846560269594193
0.04204000160098076
0.0777226909995079
0.02919822372496128
0.1276114583015442
0.04648049920797348
0.8968842029571533
0.009972100146114826
0.7431745529174805
0.044587392359972
0.022593682631850243
0.8804585337638855
0.0616355761885643
0.8575653433799744
0.018989957869052887
0.8018521666526794
0.6886857151985168
0.4960607886314392
0.838126003742218
0.008905411697924137
0.06397559493780136
0.046420156955718994
0.06301384419202805
0.021775174885988235
0.27208593487739563
0.015736527740955353
0.0525812953710556
0.17518852651119232
0.5028463006019592
0.9002813100814819
0.024180447682738304
0.021489519625902176
0.016544926911592484
0.8812488317489624
0.032166313380002975
0.04612456262111664
0.061258018016815186
0.20198622345924377
0.8883782625198364
0.8734995722770691
0.043382350355386734
0.7603937983512878
0.7904438376426697
0.5146281123161316
0.17585180699825287
0.26904329657554626
0.7982722520828247
0.16450975835323334
0.03793136030435562
0.014047572389245033
0.023444723337888718
0.011205699294805527
0.06010424345731735
0.04792989045381546
0.04785861447453499
0.0185090284794569
0.5122538805007935
0.36034873127937317
0.017355896532535553
0.04868321493268013
0.783802330493927
0.31794920563697815
0.04906982555985451
0.08569710701704025
0.5222548246383667
0.3384939134120941
0.32291069626808167
0.12443968653678894
0.007440094370394945
0.038373492658138275
0.14115963876247406
0.474782258272171
0.692867636680603
0.0448710098862648
0.02737830951809883
0.8564221262931824
0.1063387468457222
0.02787214145064354
0.1304454356431961
0.02051137015223503
0.1793842613697052
0.412875771522522
0.5606315732002258
0.05499948933720589
0.19305086135864258
0.05911931023001671
0.052064791321754456
0.3699530065059662
0.23159264028072357
0.6475772261619568
0.040344078093767166
0.013317282311618328
0.1649581789970398
0.5975214838981628
0.06337163597345352
0.12136483192443848
0.06179649755358696
0.026391707360744476
0.035096537321805954
0.023049622774124146
0.11935263127088547
0.025454040616750717
0.14982859790325165
0.210866779088974
0.08909603208303452
0.08515441417694092
0.8613361120223999
0.6068620085716248
0.6719182133674622
0.059971511363983154
0.04754077270627022
0.21706508100032806
0.024212462827563286
0.18867994844913483
0.020197568461298943
0.9871011972427368
0.9861897826194763
0.056192997843027115
0.019054174423217773
0.03929782286286354
0.03124828077852726
0.015037445351481438
0.12512381374835968
0.034227319061756134
0.0396670438349247
0.057084884494543076
0.04347797483205795
0.254820317029953
0.1424596905708313
0.03922059014439583
0.13905353844165802
0.23762477934360504
0.028097309172153473
0.07061794400215149
0.15031933784484863
0.18410737812519073
0.011172604747116566
0.17238228023052216
0.9925159215927124
0.9805696606636047
0.9900689721107483
0.09769818186759949
0.05544806271791458
0.5125032663345337
0.9888787865638733
0.9902981519699097
0.03475913032889366
0.018570339307188988
0.10901472717523575
0.6844807863235474
0.03431963920593262
0.01444903016090393
0.07044986635446548
0.02316475287079811
0.034773845225572586
0.021538499742746353
0.013943657279014587
0.02383902296423912
0.015064106322824955
0.7623935341835022
0.6093831658363342
0.01650792919099331
0.02063588984310627
0.4785268008708954
0.019344210624694824
0.9044820070266724
0.9148643612861633
0.08350740373134613
0.10131847858428955
0.06140577048063278
0.028305836021900177
0.050431761890649796
0.4970221221446991
0.6339688897132874
0.06550507247447968
0.17429529130458832
0.013280571438372135
0.030253341421484947
0.8665308356285095
0.9815901517868042
0.9795936942100525
0.9911316633224487
0.7587499618530273
0.2846698462963104
0.014411401003599167
0.10536646842956543
0.7501593232154846
0.9908730387687683
0.9913341999053955
0.9872772097587585
0.9814904928207397
0.039380449801683426
0.015636539086699486
0.8751841187477112
0.01600721664726734
0.029021555557847023
0.032970864325761795
0.9047986268997192
0.017239363864064217
0.017320865765213966
0.047304872423410416
0.10433746129274368
0.17856118083000183
0.03524642065167427
0.054359521716833115
0.02756061777472496
0.02561713010072708
0.8550414443016052
0.043314989656209946
0.8444922566413879
0.034714456647634506
0.9934913516044617
0.9902316331863403
0.6033555865287781
0.8642947673797607
0.19777029752731323
0.18931269645690918
0.20078198611736298
0.12971997261047363
0.05656096711754799
0.055193595588207245
0.07497534900903702
0.3932914733886719
0.8723471164703369
0.02282695844769478
0.1968221515417099
0.23500590026378632
0.02643030509352684
0.9914426207542419
0.027552878484129906
0.7967662811279297
0.4170804023742676
0.9822493195533752
0.6983960270881653
0.9951174855232239
0.9930135011672974
0.9915993213653564
0.9918307662010193
0.9091802835464478
0.5792903900146484
0.1502133458852768
0.7713353633880615
0.033528294414281845
0.10215391218662262
0.848979115486145
0.10314752161502838
0.07285769283771515
0.2671981155872345
0.04875261336565018
0.3086845278739929
0.04277276620268822
0.041637759655714035
0.02508567087352276
0.484094500541687
0.03962590545415878
0.020068563520908356
0.12037643045186996
0.19874067604541779
0.24176406860351562
0.12121149897575378
0.07594810426235199
0.24227385222911835
0.04213624820113182
0.2515920400619507
0.23734767735004425
0.5521917343139648
0.02267565205693245
0.09809238463640213
0.0399324856698513
0.18036814033985138
0.4588938355445862
0.05953506380319595
0.08904478698968887
0.28592950105667114
0.08289400488138199
0.09785912185907364
0.07599220424890518
0.6169023513793945
0.0644020214676857
0.04606235399842262
0.972009539604187
0.9683671593666077
0.36297133564949036
0.030820421874523163
0.2762185335159302
0.12493602186441422
0.39812979102134705
0.022319646552205086
0.16367992758750916
0.712446928024292
0.07101282477378845
0.04187322407960892
0.5899075269699097
0.35232001543045044
0.050716981291770935
0.03592060133814812
0.11817309260368347
0.11093297600746155
0.0871044397354126
0.12083543092012405
0.8689801096916199
0.7064381241798401
0.7839607000350952
0.06793549656867981
0.30138254165649414
0.16998593509197235
0.04227341338992119
0.07444814592599869
0.009052935987710953
0.011922260746359825
0.008235327899456024
0.02460908330976963
0.04112130403518677
0.06264232844114304
0.021639853715896606
0.1277039349079132
0.04254545643925667
0.3247441053390503
0.19309590756893158
0.07359953969717026
0.02378026582300663
0.018904130905866623
0.05017704516649246
0.149461030960083
0.04502551630139351
0.03491556644439697
0.04705774411559105
0.10837912559509277
0.4190655052661896
0.01553479302674532
0.02109597437083721
0.13838794827461243
0.17460466921329498
0.38259410858154297
0.03907401114702225
0.13216502964496613
0.027501942589879036
0.13882334530353546
0.015715768560767174
0.008623111061751842
0.013690047897398472
0.12397584319114685
0.0739486888051033
0.5089516043663025
0.13128486275672913
0.8193040490150452
0.2060984969139099
0.268151193857193
0.07904984056949615
0.7407177090644836
0.1646241694688797
0.53420090675354
0.11033881455659866
0.8015552163124084
0.09706572443246841
0.026355493813753128
0.2004445642232895
0.015524297021329403
0.015367554500699043
0.0605727881193161
0.25909721851348877
0.03183652088046074
0.2856268584728241
0.06122680753469467
0.23287110030651093
0.2078467309474945
0.06281591951847076
0.05249958857893944
0.020420527085661888
0.028796734288334846
0.00962582416832447
0.4832504391670227
0.9852452874183655
0.985645055770874
0.6385210156440735
0.19135135412216187
0.009183435700833797
0.16154435276985168
0.08585015684366226
0.03570016846060753
0.030277598649263382
0.12218020856380463
0.13782162964344025
0.021085770800709724
0.4660097658634186
0.010660977102816105
0.025577308610081673
0.9266777038574219
0.06436233967542648
0.020870504900813103
0.24085596203804016
0.15214544534683228
0.014872063882648945
0.026003098115324974
0.09409978240728378
0.17857268452644348
0.029853107407689095
0.36769574880599976
0.32773882150650024
0.07929590344429016
0.1132482960820198
0.1599075347185135
0.1035880371928215
0.054606396704912186
0.02420772798359394
0.6634952425956726
0.0372798852622509
0.08702082931995392
0.3674320876598358
0.02135435678064823
0.009871414862573147
0.0687912255525589
0.34981870651245117
0.1102752685546875
0.02347574196755886
0.3691481053829193
0.02601121924817562
0.018908334895968437
0.1194160208106041
0.10252847522497177
0.8525534868240356
0.08632960915565491
0.06723012030124664
0.03545144945383072
0.11150514334440231
0.12569659948349
0.3324155807495117
0.015102609992027283
0.04097331687808037
0.33327716588974
0.020597852766513824
0.026153985410928726
0.01777983456850052
0.009185684844851494
0.5076507925987244
0.03312445431947708
0.07943248003721237
0.13823671638965607
0.17683114111423492
0.19260673224925995
0.02332797460258007
0.1928834468126297
0.022783290594816208
0.026588477194309235
0.038913194090127945
0.36794477701187134
0.049033716320991516
0.04066779091954231
0.04279690608382225
0.19127139449119568
0.27048441767692566
0.05088329315185547
0.07791218906641006
0.17402906715869904
0.12918129563331604
0.2569867670536041
0.05323940888047218
0.33215540647506714
0.12210904806852341
0.6131225824356079
0.6303738355636597
0.03497578203678131
0.03147139400243759
0.06044292822480202
0.01901436038315296
0.010790717788040638
0.2796784043312073
0.049144208431243896
0.06356359273195267
0.53852778673172
0.12093116343021393
0.05824190378189087
0.09515350311994553
0.16663694381713867
0.056079212576150894
0.14661762118339539
0.18651896715164185
0.06238802149891853
0.06475041061639786
0.992223858833313
0.9886134266853333
0.9898067712783813
0.026454908773303032
0.024316851049661636
0.19602736830711365
0.7592208385467529
0.8489299416542053
0.12294604629278183
0.34208619594573975
0.33071693778038025
0.5601233243942261
0.6847249269485474
0.7721061110496521
0.10719920694828033
0.387488454580307
0.9773639440536499
0.7582601308822632
0.025538599118590355
0.18484415113925934
0.022148989140987396
0.029017681255936623
0.07937215268611908
0.8029295206069946
0.6749566197395325
0.04398319870233536
0.17862971127033234
0.138882577419281
0.032318465411663055
0.022197240963578224
0.07604508101940155
0.0822841227054596
0.028006432577967644
0.08327249437570572
0.3351858854293823
0.6775017976760864
0.1483125388622284
0.5805953741073608
0.034231998026371
0.21200774610042572
0.07573089748620987
0.03329040855169296
0.23466472327709198
0.5374838709831238
0.015032809227705002
0.5037789344787598
0.15988972783088684
0.03162363916635513
0.9182605743408203
0.6969034075737
0.3503395617008209
0.7539278268814087
0.10795393586158752
0.7892476916313171
0.9923398494720459
0.6834208369255066
0.011299196630716324
0.8422949910163879
0.1476432830095291
0.8699734807014465
0.4801219403743744
0.07045217603445053
0.05271168798208237
0.0537913553416729
0.03753848746418953
0.050121355801820755
0.07322832942008972
0.3943856656551361
0.2267722189426422
0.01478098426014185
0.09110467880964279
0.26597854495048523
0.0914011001586914
0.08908643573522568
0.1299741566181183
0.1455756276845932
0.239761620759964
0.392965167760849
0.4479999840259552
0.06305525451898575
0.7496255040168762
0.5637520551681519
0.03378559276461601
0.006641865707933903
0.7647864818572998
0.1846434473991394
0.3459952175617218
0.04340925067663193
0.3542066216468811
0.14114399254322052
0.6478110551834106
0.08123503625392914
0.11016378551721573
0.11497264355421066
0.21737711131572723
0.04309457167983055
0.018040018156170845
0.023275356739759445
0.09304217994213104
0.3253016471862793
0.44140031933784485
0.857970118522644
0.018034016713500023
0.04167652130126953
0.06877849996089935
0.041983723640441895
0.05243314057588577
0.08715939521789551
0.020451312884688377
0.28810739517211914
0.03457631170749664
0.9175750017166138
0.6898645758628845
0.622559666633606
0.885028600692749
0.8447626233100891
0.6888668537139893
0.5907363891601562
0.05735788494348526
0.07496072351932526
0.9603880643844604
0.7848033905029297
0.7423456907272339
0.010018783621490002
0.16371901333332062
0.1728116124868393
0.03209035098552704
0.030541760846972466
0.035517871379852295
0.914593517780304
0.05759139358997345
0.01514635980129242
0.9209938049316406
0.4562562108039856
0.7797051072120667
0.613320529460907
0.024738695472478867
0.1084817573428154
0.10656304657459259
0.19348891079425812
0.02802380546927452
0.7352911233901978
0.06886845082044601
0.15869328379631042
0.20637379586696625
0.8281897902488708
0.9006473422050476
0.1276654452085495
0.0871724784374237
0.5019757151603699
0.1498251110315323
0.08097128570079803
0.1815723031759262
0.2405964583158493
0.057231124490499496
0.18739421665668488
0.013689091429114342
0.42264509201049805
0.04043849557638168
0.1807275414466858
0.8143990635871887
0.05544533580541611
0.018663054332137108
0.7528820633888245
0.13589079678058624
0.22089022397994995
0.5534664392471313
0.22503337264060974
0.6070425510406494
0.04741111770272255
0.07985922694206238
0.9402576684951782
0.05316897854208946
0.04851057007908821
0.1674228459596634
0.059918005019426346
0.30284827947616577
0.06901075690984726
0.09294752776622772
0.26016539335250854
0.02909722737967968
0.06742101162672043
0.16468766331672668
0.20842508971691132
0.10240132361650467
0.23615722358226776
0.22731338441371918
0.021298497915267944
0.10214066505432129
0.0754658505320549
0.09602337330579758
0.012399619445204735
0.01797308586537838
0.06918596476316452
0.17483800649642944
0.09091933071613312
0.03519224375486374
0.014360063709318638
0.02331022545695305
0.09299365431070328
0.0428767129778862
0.1149829551577568
0.029276687651872635
0.1765572726726532
0.04356483742594719
0.301448792219162
0.988145112991333
0.04009434953331947
0.10077162832021713
0.12273938208818436
0.02525201253592968
0.03549148887395859
0.015324095264077187
0.22119471430778503
0.3620721995830536
0.06630618125200272
0.7572097778320312
0.05766287073493004
0.03491736203432083
0.019568562507629395
0.21147605776786804
0.06946687400341034
0.49090516567230225
0.14716164767742157
0.43104851245880127
0.729371964931488
0.051816489547491074
0.11271403729915619
0.08951906114816666
0.031279630959033966
0.03766431659460068
0.09531895071268082
0.1300077736377716
0.13272999227046967
0.020625269040465355
0.1279478371143341
0.15892170369625092
0.7748695611953735
0.08346007764339447
0.04853043705224991
0.14177100360393524
0.014899388886988163
0.5437002182006836
0.4563761353492737
0.043930746614933014
0.126326784491539
0.15003246068954468
0.017707861959934235
0.1796324998140335
0.016636861488223076
0.06790178269147873
0.035122863948345184
0.012881181202828884
0.017820771783590317
0.12311219424009323
0.034160833805799484
0.07754344493150711
0.018926799297332764
0.011023101396858692
0.3216780424118042
0.3132163882255554
0.36242181062698364
0.11150448769330978
0.19377946853637695
0.5594661235809326
0.12513776123523712
0.020350459963083267
0.4732334017753601
0.03793507441878319
0.08525831997394562
0.033224549144506454
0.05810093879699707
0.10349377989768982
0.07816188782453537
0.07135342061519623
0.31007033586502075
0.15982039272785187
0.18622811138629913
0.22056636214256287
0.8758030533790588
0.03322165086865425
0.1179562509059906
0.03409959003329277
0.1669253408908844
0.012631394900381565
0.03047695755958557
0.01540612243115902
0.017924968153238297
0.02131345495581627
0.02231278270483017
0.5602585077285767
0.018980208784341812
0.04324188455939293
0.06042800098657608
0.017047416418790817
0.3939993977546692
0.027800748124718666
0.03881983086466789
0.23854194581508636
0.07542409747838974
0.4531998336315155
0.28282615542411804
0.03487134352326393
0.14159584045410156
0.036261074244976044
0.23937612771987915
0.021932536736130714
0.10400421917438507
0.043743569403886795
0.14043478667736053
0.6996433138847351
0.5728039145469666
0.06163759157061577
0.10578404366970062
0.07114515453577042
0.18804749846458435
0.3251866102218628
0.050755105912685394
0.40764695405960083
0.07505690306425095
0.07555259764194489
0.029446754604578018
0.5260397791862488
0.02074139378964901
0.13469329476356506
0.04077911749482155
0.10290320962667465
0.14467135071754456
0.014091731049120426
0.12757642567157745
0.27930739521980286
0.14267323911190033
0.01313255075365305
0.14005161821842194
0.1340957134962082
0.3297935724258423
0.22496654093265533
0.008361720480024815
0.04600048065185547
0.025555966421961784
0.010073605924844742
0.11559528857469559
0.016655046492815018
0.5576183795928955
0.12633833289146423
0.08390769362449646
0.10196519643068314
0.21156485378742218
0.23628778755664825
0.1827579140663147
0.04969312250614166
0.04552901163697243
0.06985120475292206
0.259050190448761
0.018515659496188164
0.9039114117622375
0.07880663126707077
0.03487120941281319
0.21067403256893158
0.3489838242530823
0.09150714427232742
0.15120963752269745
0.02185199223458767
0.1656060367822647
0.05743676424026489
0.02682602033019066
0.02040858380496502
0.028446387499570847
0.02092079631984234
0.03166564553976059
0.022880787029862404
0.20212194323539734
0.09672287851572037
0.08426647633314133
0.007236456964164972
0.04025791585445404
0.01658071205019951
0.008666816167533398
0.024806583300232887
0.2388705313205719
0.8900207877159119
0.0968843400478363
0.011255713179707527
0.24968849122524261
0.09076252579689026
0.40044698119163513
0.11796535551548004
0.37114784121513367
0.12747980654239655
0.10926186293363571
0.142760768532753
0.29563939571380615
0.07313547283411026
0.055651091039180756
0.03987429291009903
0.02255937270820141
0.013004058040678501
0.24437370896339417
0.05164503678679466
0.0669349879026413
0.5844370722770691
0.6807376146316528
0.073349729180336
0.09263297915458679
0.3104080855846405
0.27588412165641785
0.07835259288549423
0.025759484618902206
0.033673204481601715
0.031119156628847122
0.5951257348060608
0.9606152176856995
0.08797453343868256
0.029791351407766342
0.22135092318058014
0.143050879240036
0.12149233371019363
0.06768951565027237
0.0679258406162262
0.3221275508403778
0.37549513578414917
0.25318625569343567
0.22820255160331726
0.5729445219039917
0.05480816215276718
0.06091155856847763
0.2284529209136963
0.0462992899119854
0.23610323667526245
0.04015551880002022
0.08783679455518723
0.3739965856075287
0.2506363093852997
0.11290007084608078
0.03032398782670498
0.10613369196653366
0.05139882117509842
0.11725226789712906
0.17305783927440643
0.10634838044643402
0.6061559319496155
0.045741643756628036
0.030478427186608315
0.07854814827442169
0.14157980680465698
0.362101674079895
0.11000367999076843
0.10620073229074478
0.036890652030706406
0.11681383103132248
0.09935865551233292
0.027278980240225792
0.08720175176858902
0.2795715630054474
0.30257055163383484
0.08602077513933182
0.1872669756412506
0.07425151020288467
0.16922830045223236
0.06828684359788895
0.023543894290924072
0.014227026142179966
0.021521424874663353
0.024656428024172783
0.18694724142551422
0.11098456382751465
0.02108078822493553
0.03235244005918503
0.07977185398340225
0.06524196267127991
0.16659317910671234
0.039689723402261734
0.01662762090563774
0.02636392042040825
0.020206667482852936
0.021563630551099777
0.08311236649751663
0.12258327007293701
0.014207332395017147
0.20823770761489868
0.3077879548072815
0.005412541329860687
0.011238780803978443
0.10293801873922348
0.04984355717897415
0.057157620787620544
0.03631725534796715
0.024643834680318832
0.05949575826525688
0.02210795134305954
0.12681803107261658
0.13085180521011353
0.1719512939453125
0.3873785734176636
0.6619271636009216
0.05979185178875923
0.03945682570338249
0.19723831117153168
0.09399005770683289
0.09632910788059235
0.011716598644852638
0.06404989212751389
0.14909687638282776
0.20825815200805664
0.03863881528377533
0.10754359513521194
0.15090005099773407
0.10885410755872726
0.04077751934528351
0.03989497944712639
0.26140034198760986
0.569284200668335
0.13878288865089417
0.5962876677513123
0.08963926881551743
0.014764661900699139
0.18318112194538116
0.048070117831230164
0.1397279053926468
0.5069655776023865
0.15281447768211365
0.512273907661438
0.23866179585456848
0.031246023252606392
0.16358865797519684
0.029772697016596794
0.13579685986042023
0.02143756113946438
0.08377714455127716
0.10169163346290588
0.042535170912742615
0.07522886246442795
0.3246203362941742
0.02304193377494812
0.5141531229019165
0.10382717102766037
0.04499409720301628
0.015881123021245003
0.16344648599624634
0.2995546758174896
0.08298077434301376
0.04609370231628418
0.2196921706199646
0.041263747960329056
0.03627876937389374
0.12033435702323914
0.03117166832089424
0.019105903804302216
0.13816900551319122
0.05274312198162079
0.12059284746646881
0.007709474302828312
0.05172073096036911
0.06181883439421654
0.008893248625099659
0.06476369500160217
0.023150242865085602
0.028147580102086067
0.07273537665605545
0.022531766444444656
0.05568932741880417
0.042062435299158096
0.059260182082653046
0.018580207601189613
0.3501061499118805
0.011162666603922844
0.05067361146211624
0.09911499172449112
0.07945205271244049
0.3032321333885193
0.017426645383238792
0.044061996042728424
0.027199631556868553
0.08035945147275925
0.07014923542737961
0.05517495796084404
0.09909853339195251
0.09873996675014496
0.18657055497169495
0.1646716594696045
0.011752069927752018
0.033904895186424255
0.06616345047950745
0.039092205464839935
0.04065059497952461
0.04369531199336052
0.03820766136050224
0.03796369954943657
0.15781106054782867
0.5813192129135132
0.07624522596597672
0.01995653286576271
0.23867903649806976
0.013036057353019714
0.09803488105535507
0.18083731830120087
0.05167616903781891
0.03212403878569603
0.02222564071416855
0.02057170495390892
0.11431704461574554
0.10548880696296692
0.022858278825879097
0.10913310945034027
0.028440160676836967
0.03008202090859413
0.014821017161011696
0.020976433530449867
0.05092091113328934
0.07550086081027985
0.09467694163322449
0.032572191208601
0.05554637685418129
0.027110319584608078
0.01612577773630619
0.033677972853183746
0.38806021213531494
0.03481423109769821
0.09512444585561752
0.06475277245044708
0.014101162552833557
0.126449853181839
0.025967758148908615
0.2424672544002533
0.26857608556747437
0.07059599459171295
0.12986676394939423
0.18353959918022156
0.01482473872601986
0.06127863749861717
0.07427462190389633
0.015704026445746422
0.015862198546528816
0.023033881559967995
0.03878437727689743
0.12841828167438507
0.35045692324638367
0.01669861562550068
0.016836784780025482
0.01913698948919773
0.04723428934812546
0.10265472531318665
0.0870816707611084
0.011425493285059929
0.008385570719838142
0.03296518325805664
0.19040760397911072
0.09872303903102875
0.17501011490821838
0.016161419451236725
0.22967511415481567
0.020441722124814987
0.023397982120513916
0.1351606845855713
0.17388638854026794
0.10904122143983841
0.7369462847709656
0.031331926584243774
0.34585344791412354
0.011892088688910007
0.060383107513189316
0.5009421110153198
0.28186270594596863
0.07527901232242584
0.07940397411584854
0.3827173113822937
0.07791959494352341
0.06886672228574753
0.0775204673409462
0.2412499040365219
0.6044098138809204
0.5219162106513977
0.012003560550510883
0.09300944954156876
0.14060896635055542
0.03264028578996658
0.2059137523174286
0.04025634750723839
0.059437938034534454
0.12297501415014267
0.20651260018348694
0.2014002501964569
0.010104302316904068
0.5809520483016968
0.028919611126184464
0.09154397994279861
0.09636904299259186
0.03383832797408104
0.16547629237174988
0.03819340467453003
0.3435949385166168
0.15226593613624573
0.057815950363874435
0.17772942781448364
0.024092135950922966
0.022840550169348717
0.24745027720928192
0.17904451489448547
0.3908308148384094
0.23610936105251312
0.021538173779845238
0.013972340151667595
0.06067384034395218
0.02518349140882492
0.3922997713088989
0.08486282825469971
0.03558774292469025
0.030029799789190292
0.0417095422744751
0.03085719421505928
0.17497961223125458
0.035812243819236755
0.05804770439863205
0.11940843611955643
0.07245068997144699
0.0063450816087424755
0.09266285598278046
0.12186529487371445
0.18050700426101685
0.039286721497774124
0.08388850092887878
0.10078506916761398
0.21426548063755035
0.04719036817550659
0.14033666253089905
0.11180896311998367
0.08376121520996094
0.014373352751135826
0.046076271682977676
0.01650453917682171
0.013896982185542583
0.20204880833625793
0.04036501795053482
0.041533634066581726
0.11101215332746506
0.01021631434559822
0.032636698335409164
0.01616864837706089
0.011869523674249649
0.05813046544790268
0.21289993822574615
0.10979244112968445
0.14740681648254395
0.03621140494942665
0.4315270781517029
0.03586921840906143
0.34695491194725037
0.07204975187778473
0.014300365000963211
0.02193411998450756
0.041558731347322464
0.05598863586783409
0.1853604018688202
0.026548901572823524
0.09662497043609619
0.015384462662041187
0.032049600034952164
0.0709737166762352
0.07177448272705078
0.047665271908044815
0.13121289014816284
0.30529487133026123
0.018146680667996407
0.0518445149064064
0.026064682751893997
0.30801093578338623
0.33891117572784424
0.44602394104003906
0.07921953499317169
0.18854132294654846
0.07005498558282852
0.006872155703604221
0.10115683078765869
0.07465171068906784
0.3494773209095001
0.10825076699256897
0.11778958141803741
0.05737512186169624
0.09646470099687576
0.08306477218866348
0.05716151371598244
0.024020221084356308
0.09506211429834366
0.12444349378347397
0.04023544117808342
0.020914504304528236
0.022746264934539795
0.5995420217514038
0.09886083751916885
0.021873295307159424
0.020024366676807404
0.23496781289577484
0.05036983639001846
0.10304873436689377
0.028727464377880096
0.06576147675514221
0.16663558781147003
0.10464531928300858
0.01616395264863968
0.014222516678273678
0.02591061219573021
0.02217983454465866
0.019812684506177902
0.051803357899188995
0.02774062752723694
0.010580690577626228
0.014324226416647434
0.03841381520032883
0.041728582233190536
0.07139147818088531
0.44403570890426636
0.030386894941329956
0.03484676033258438
0.04952778294682503
0.04133176431059837
0.0823872908949852
0.1353386789560318
0.011642527766525745
0.1636335849761963
0.01458701491355896
0.012804615311324596
0.01860491745173931
0.25262802839279175
0.4715365469455719
0.05739277973771095
0.09535089135169983
0.026341309770941734
0.09083017706871033
0.11056848615407944
0.45594778656959534
0.2425999641418457
0.08636272698640823
0.22948938608169556
0.5274021029472351
0.03585587441921234
0.11727737635374069
0.22832520306110382
0.015046438202261925
0.22377589344978333
0.13625207543373108
0.052470024675130844
0.015806859359145164
0.04462943226099014
0.06309214234352112
0.01671016961336136
0.03474711254239082
0.08418156951665878
0.019926931709051132
0.541549563407898
0.20626409351825714
0.018251461908221245
0.06461725383996964
0.38710179924964905
0.12237436324357986
0.05473879352211952
0.02481670491397381
0.2557486295700073
0.2596076726913452
0.38588711619377136
0.33184292912483215
0.03811793401837349
0.5213962197303772
0.2056780457496643
0.5861570239067078
0.4741159677505493
0.02720474824309349
0.21836493909358978
0.08756501227617264
0.607271134853363
0.05940703675150871
0.04890142008662224
0.023959940299391747
0.05872352048754692
0.09481950849294662
0.023301830515265465
0.024146948009729385
0.2024025022983551
0.17254585027694702
0.162448912858963
0.08125831186771393
0.44483572244644165
0.5795816779136658
0.021201470866799355
0.02198837511241436
0.021917201578617096
0.11513979732990265
0.1358189880847931
0.16075916588306427
0.0841689482331276
0.018712643533945084
0.10190697014331818
0.22388552129268646
0.18579579889774323
0.09171802550554276
0.1628674417734146
0.15530438721179962
0.09308289736509323
0.6140775084495544
0.587132453918457
0.018511002883315086
0.2129879891872406
0.23699209094047546
0.029454069212079048
0.31454482674598694
0.6403188705444336
0.08813583105802536
0.04867059737443924
0.12288281321525574
0.13799700140953064
0.06578561663627625
0.24166050553321838
0.09880352765321732
0.04624306410551071
0.07530204951763153
0.02514966018497944
0.03478919342160225
0.033499494194984436
0.015327214263379574
0.03027254529297352
0.020124955102801323
0.1579279750585556
0.09085288643836975
0.05372598022222519
0.019700946286320686
0.0947871208190918
0.026554910466074944
0.03773044794797897
0.07024466246366501
0.06886669248342514
0.025892581790685654
0.3215011954307556
0.08142904192209244
0.03189380094408989
0.042542897164821625
0.09754126518964767
0.0707026794552803
0.5126868486404419
0.024778859689831734
0.02104615420103073
0.014501151628792286
0.031231287866830826
0.4293961822986603
0.028488067910075188
0.08787397295236588
0.009267250075936317
0.009811163879930973
0.05049329251050949
0.02753954380750656
0.12891128659248352
0.025133492425084114
0.0533645898103714
0.07364019751548767
0.03663484752178192
0.3446776568889618
0.040498070418834686
0.023967543616890907
0.14238975942134857
0.020586198195815086
0.04270854964852333
0.042024362832307816
0.33220699429512024
0.053654346615076065
0.1356326788663864
0.07871469110250473
0.01793460175395012
0.07967599481344223
0.030947363004088402
0.03189379349350929
0.12365509569644928
0.034405674785375595
0.01701722852885723
0.47693121433258057
0.04089020937681198
0.04689911752939224
0.06085072457790375
0.1498357206583023
0.39526623487472534
0.10539517551660538
0.026186926290392876
0.12963047623634338
0.08821200579404831
0.015372122637927532
0.10457776486873627
0.050224341452121735
0.06353733688592911
0.02090727910399437
0.09585733711719513
0.02424408309161663
0.05307832732796669
0.020651502534747124
0.1046166643500328
0.0841483399271965
0.18607889115810394
0.031298451125621796
0.026588542386889458
0.015283236280083656
0.1039700135588646
0.024138936772942543
0.0752335861325264
0.23994037508964539
0.10431436449289322
0.08042457699775696
0.08499322086572647
0.1064443439245224
0.01145878341048956
0.0516178160905838
0.021314309909939766
0.025045661255717278
0.03676636889576912
0.02477463334798813
0.024726148694753647
0.032654982060194016
0.07328995317220688
0.06395557522773743
0.07186959683895111
0.04066610708832741
0.04196323826909065
0.06694041937589645
0.09495805948972702
0.022851653397083282
0.04667512699961662
0.10252249985933304
0.18487533926963806
0.1175084039568901
0.08727925270795822
0.01238791923969984
0.15767259895801544
0.11696501076221466
0.04747207090258598
0.057578060775995255
0.0333818644285202
0.07580064237117767
0.059019289910793304
0.05345816910266876
0.10182322561740875
0.005684179719537497
0.008711122907698154
0.0864061564207077
0.05950755253434181
0.050879769027233124
0.0853174477815628
0.04519655555486679
0.05468408390879631
0.03723287954926491
0.31545087695121765
0.20307184755802155
0.34293779730796814
0.17249096930027008
0.03230730816721916
0.03331994265317917
0.013000650331377983
0.27081650495529175
0.08239178359508514
0.07144661247730255
0.06433912366628647
0.18704645335674286
0.24892911314964294
0.07856231182813644
0.4207806885242462
0.06310351192951202
0.0447465218603611
0.023130835965275764
0.01780432090163231
0.16637085378170013
0.04194727912545204
0.06147896125912666
0.41191965341567993
0.13349053263664246
0.5102185606956482
0.07753954827785492
0.02962861768901348
0.3237229883670807
0.016578076407313347
0.06670975685119629
0.07596741616725922
0.016387678682804108
0.06333614885807037
0.03496217727661133
0.13201919198036194
0.13210248947143555
0.025202807039022446
0.04120882228016853
0.05474787577986717
0.1102457344532013
0.3549417555332184
0.027854589745402336
0.02390906773507595
0.024594105780124664
0.26469796895980835
0.03485832363367081
0.06879828125238419
0.2615989148616791
0.07359838485717773
0.04645394906401634
0.1040765717625618
0.04422328993678093
0.04404878616333008
0.074188232421875
0.07748596370220184
0.3748975694179535
0.16268204152584076
0.3153935968875885
0.37959760427474976
0.03203598037362099
0.09383966773748398
0.12111488729715347
0.1426689624786377
0.06706618517637253
0.1600646823644638
0.07357850670814514
0.10581301152706146
0.0388161800801754
0.031330328434705734
0.03687285631895065
0.2008221298456192
0.09943698346614838
0.1652090698480606
0.031091827899217606
0.17475876212120056
0.06419038772583008
0.1892368048429489
0.023048333823680878
0.037973787635564804
0.165505513548851
0.11508069187402725
0.3018495738506317
0.4925766587257385
0.2311893105506897
0.023481858894228935
0.03374050185084343
0.009732529520988464
0.03333231806755066
0.2079194337129593
0.012173390947282314
0.12106089293956757
0.008635222911834717
0.062024109065532684
0.06309156864881516
0.05248140171170235
0.058952704071998596
0.08406848460435867
0.10090964287519455
0.061017606407403946
0.15918952226638794
0.13393555581569672
0.01965232565999031
0.03179311007261276
0.019493134692311287
0.03462744131684303
0.08950071781873703
0.10452733188867569
0.09521560370922089
0.1328996866941452
0.05746591463685036
0.04761924594640732
0.1467106193304062
0.04703790321946144
0.029877271503210068
0.1673959344625473
0.10068956017494202
0.016945399343967438
0.013966331258416176
0.017785022035241127
0.08950299769639969
0.055477168411016464
0.014039227738976479
0.0517873540520668
0.10451939702033997
0.03521505743265152
0.125857412815094
0.030297227203845978
0.01706177555024624
0.15545281767845154
0.04797814041376114
0.10386238247156143
0.038190897554159164
0.015097122639417648
0.037098970264196396
0.031877581030130386
0.018012600019574165
0.33508071303367615
0.02078275755047798
0.023652244359254837
0.011359133757650852
0.042318589985370636
0.055183056741952896
0.23304809629917145
0.14601017534732819
0.050446707755327225
0.06814589351415634
0.11284186691045761
0.13752315938472748
0.2832554876804352
0.23223702609539032
0.022109445184469223
0.06458364427089691
0.03837929293513298
0.093264140188694
0.35697224736213684
0.05972971022129059
0.011230220086872578
0.06922571361064911
0.03742425516247749
0.032414257526397705
0.4298275411128998
0.051616083830595016
0.1913810670375824
0.24252137541770935
0.1827993094921112
0.032715193927288055
0.11704698950052261
0.06386259943246841
0.06336705386638641
0.08445475250482559
0.037373658269643784
0.12743426859378815
0.0431508868932724
0.03288419544696808
0.041851699352264404
0.05050475522875786
0.11602819710969925
0.07431231439113617
0.18030713498592377
0.05326956510543823
0.013008354231715202
0.0827213004231453
0.015586229041218758
0.9615480303764343
0.3670715093612671
0.04270726442337036
0.017122743651270866
0.197077214717865
0.08507400006055832
0.06806935369968414
0.018582452088594437
0.09548705071210861
0.16862989962100983
0.08670146018266678
0.008227632381021976
0.010537185706198215
0.09234651923179626
0.04214610904455185
0.03841748461127281
0.051998578011989594
0.19026310741901398
0.04181543365120888
0.054357171058654785
0.022693922743201256
0.01413187850266695
0.04268693923950195
0.08811420947313309
0.009185842238366604
0.03996763378381729
0.030160775408148766
0.031412240117788315
0.07107513397932053
0.06727765500545502
0.19213858246803284
0.03796515613794327
0.14086224138736725
0.034883253276348114
0.009732884354889393
0.12086163461208344
0.0905214473605156
0.2201247215270996
0.026051778346300125
0.02331993356347084
0.033861711621284485
0.2988051176071167
0.02987680770456791
0.06088874861598015
0.1331266462802887
0.07152023911476135
0.024606799706816673
0.033882539719343185
0.009169867262244225
0.026043439283967018
0.024139294400811195
0.30442312359809875
0.033431775867938995
0.10634415596723557
0.10358396917581558
0.04541025310754776
0.024851804599165916
0.14492525160312653
0.45271867513656616
0.049591924995183945
0.014483113773167133
0.05653034895658493
0.014023974537849426
0.03102673403918743
0.03011433593928814
0.08859031647443771
0.14708973467350006
0.25402167439460754
0.0616779588162899
0.029791701585054398
0.15241020917892456
0.06517155468463898
0.44481712579727173
0.1133454367518425
0.15032529830932617
0.020763453096151352
0.07053641974925995
0.17081332206726074
0.12325773388147354
0.07445177435874939
0.10262224078178406
0.0805889442563057
0.09558200091123581
0.01685834862291813
0.02613135427236557
0.07416137307882309
0.029834279790520668
0.04013942554593086
0.8971911072731018
0.014470363035798073
0.015438790433108807
0.1760018914937973
0.05514456331729889
0.04565449804067612
0.029705187305808067
0.073883555829525
0.05046267807483673
0.05315638706088066
0.0625322014093399
0.017993927001953125
0.01041860319674015
0.4912162125110626
0.026840461418032646
0.026190144941210747
0.05723712593317032
0.06595531105995178
0.009037905372679234
0.03306286782026291
0.12574677169322968
0.008578895591199398
0.02222183346748352
0.0368388369679451
0.042136240750551224
0.04005016013979912
0.02932516485452652
0.15753474831581116
0.04216216504573822
0.022623809054493904
0.11200200021266937
0.16292351484298706
0.017141392454504967
0.014004084281623363
0.029627123847603798
0.17536266148090363
0.022836953401565552
0.05581235513091087
0.10466630011796951
0.07608691602945328
0.42499831318855286
0.006354207172989845
0.0268605574965477
0.11026684939861298
0.05167687311768532
0.02286529913544655
0.13341127336025238
0.062479157000780106
0.07413864135742188
0.024099381640553474
0.05436540022492409
0.1177123412489891
0.09626302868127823
0.22192837297916412
0.15990839898586273
0.039308883249759674
0.031004054471850395
0.1143110916018486
0.04610012099146843
0.07616547495126724
0.05124951899051666
0.036719199270009995
0.019706927239894867
0.024132566526532173
0.015602098777890205
0.022776301950216293
0.07771982252597809
0.0303596630692482
0.1486106514930725
0.25239038467407227
0.11190537363290787
0.026303211227059364
0.0849030539393425
0.04021502286195755
0.023724442347884178
0.013576836325228214
0.028264038264751434
0.04601195827126503
0.0927443578839302
0.00925243180245161
0.15923236310482025
0.04717116802930832
0.04730210453271866
0.012963706627488136
0.33624109625816345
0.00936548225581646
0.05869476869702339
0.09021709114313126
0.06607633829116821
0.06553591787815094
0.06489214301109314
0.058591727167367935
0.026005961000919342
0.4600764214992523
0.06994534283876419
0.014193699695169926
0.2864857017993927
0.04663139954209328
0.16933134198188782
0.04951290786266327
0.27139121294021606
0.11579527705907822
0.3586588203907013
0.027433227747678757
0.045369718223810196
0.09204190224409103
0.028790505602955818
0.320933997631073
0.015631798654794693
0.06740736961364746
0.00816586147993803
0.026623843237757683
0.011075976304709911
0.02934369072318077
0.024776292964816093
0.016102928668260574
0.09321267902851105
0.050576090812683105
0.03588242828845978
0.08247244358062744
0.12762901186943054
0.07841744273900986
0.04132234677672386
0.033797457814216614
0.1739184856414795
0.0717092975974083
0.024068016558885574
0.03044402226805687
0.18559111654758453
0.2997127175331116
0.0305943600833416
0.04310687258839607
0.7461758852005005
0.17225852608680725
0.12371493875980377
0.09362249076366425
0.2511369585990906
0.2357972264289856
0.1115044504404068
0.0223007183521986
0.3836444318294525
0.05345103517174721
0.015084032900631428
0.030013835057616234
0.011296248063445091
0.5517534017562866
0.016253264620900154
0.06200302019715309
0.11621370911598206
0.062280066311359406
0.09029915183782578
0.015843508765101433
0.14905938506126404
0.252851665019989
0.04809153825044632
0.026889095082879066
0.12240306288003922
0.030219484120607376
0.0858536809682846
0.023901890963315964
0.03884689509868622
0.027550823986530304
0.20305223762989044
0.13424842059612274
0.018215717747807503
0.030240600928664207
0.09252827614545822
0.141165629029274
0.10905513167381287
0.1411983072757721
0.13496249914169312
0.013598304241895676
0.018544623628258705
0.026780400425195694
0.05011681094765663
0.028385192155838013
0.04560989886522293
0.03134537860751152
0.04709099978208542
0.040293969213962555
0.028498105704784393
0.029418883845210075
0.07115038484334946
0.052988871932029724
0.2513976991176605
0.036015816032886505
0.016974905505776405
0.05261960253119469
0.08185933530330658
0.35193806886672974
0.0786266028881073
0.08664397895336151
0.26914554834365845
0.023484230041503906
0.012719729915261269
0.13508059084415436
0.008633926510810852
0.04018894210457802
0.02062423713505268
0.08846455067396164
0.042574964463710785
0.021044045686721802
0.07595068961381912
0.07484980672597885
0.09378839284181595
0.017505543306469917
0.03444019332528114
0.7597865462303162
0.017874116078019142
0.06536267697811127
0.02497090771794319
0.36340758204460144
0.3676601052284241
0.2654727101325989
0.05127009004354477
0.09042302519083023
0.045829057693481445
0.048760686069726944
0.015435022301971912
0.015787167474627495
0.429781436920166
0.04071814566850662
0.11448448151350021
0.2447514832019806
0.17540286481380463
0.027310842648148537
0.15483497083187103
0.14239533245563507
0.01862613670527935
0.05460771173238754
0.02510169893503189
0.009956073015928268
0.1111619621515274
0.12374391406774521
0.006028329953551292
0.07517163455486298
0.23844346404075623
0.1628762185573578
0.05293704569339752
0.034458570182323456
0.06732643395662308
0.026958903297781944
0.2216305434703827
0.1647888720035553
0.033889420330524445
0.14464959502220154
0.0380282998085022
0.07537739723920822
0.027527956292033195
0.013745640404522419
0.13417983055114746
0.02925012819468975
0.06103845313191414
0.0651203840970993
0.05197077617049217
0.3209405243396759
0.02833489701151848
0.22219163179397583
0.042977023869752884
0.060409195721149445
0.1120644137263298
0.16771556437015533
0.17205524444580078
0.11740059405565262
0.03146066144108772
0.03863322734832764
0.011537222191691399
0.0744597464799881
0.12580499053001404
0.13322536647319794
0.054199688136577606
0.02482895366847515
0.08687964826822281
0.016452748328447342
0.0400315523147583
0.38855716586112976
0.02630842849612236
0.15154661238193512
0.118778295814991
0.3463183045387268
0.07458079606294632
0.05775756016373634
0.014065626077353954
0.052056364715099335
0.28135162591934204
0.24565179646015167
0.03396965190768242
0.22190743684768677
0.28711625933647156
0.03504841402173042
0.011668188497424126
0.10438212752342224
0.04496742784976959
0.06256494671106339
0.44290605187416077
0.038590312004089355
0.019165176898241043
0.02884490229189396
0.05437855049967766
0.24926075339317322
0.037578701972961426
0.08311565965414047
0.025006437674164772
0.013023416511714458
0.034133028239011765
0.057322509586811066
0.16607876121997833
0.08291111141443253
0.08850894123315811
0.09584183990955353
0.030634554103016853
0.013742194510996342
0.012915468774735928
0.0675530880689621
0.01733775995671749
0.015735793858766556
0.1082877591252327
0.020954018458724022
0.014459856785833836
0.03412895277142525
0.041948188096284866
0.01744130253791809
0.12450145930051804
0.01895216666162014
0.01883457787334919
0.023222655057907104
0.046101510524749756
0.06283631175756454
0.031337521970272064
0.021618742495775223
0.06917016953229904
0.20652027428150177
0.545342206954956
0.04156089574098587
0.040532007813453674
0.2158215194940567
0.10070547461509705
0.06504139304161072
0.05430801585316658
0.01815112866461277
0.06988128274679184
0.4117434322834015
0.0744636282324791
0.24041298031806946
0.1260034441947937
0.7285051345825195
0.019780278205871582
0.18798042833805084
0.07944314181804657
0.1312355250120163
0.0927157774567604
0.32025229930877686
0.17805668711662292
0.1658666729927063
0.06917121261358261
0.08523262292146683
0.1392202228307724
0.028886884450912476
0.16542948782444
0.037658583372831345
0.10562445968389511
0.13315485417842865
0.0369865857064724
0.020370665937662125
0.12247884273529053
0.02373448759317398
0.0459759347140789
0.05524897947907448
0.10304605960845947
0.34971073269844055
0.1549239605665207
0.050970010459423065
0.34837475419044495
0.26872187852859497
0.14068062603473663
0.1871231347322464
0.07977422326803207
0.0236807968467474
0.11824209988117218
0.3917492926120758
0.2690393328666687
0.006874630693346262
0.3412131667137146
0.09286505728960037
0.03798544034361839
0.07320953905582428
0.04413862153887749
0.021418532356619835
0.043547794222831726
0.02078232355415821
0.023786740377545357
0.08950261771678925
0.024692675098776817
0.017844853922724724
0.20767728984355927
0.5779063105583191
0.28336194157600403
0.03014891967177391
0.013866107910871506
0.030362723395228386
0.15061978995800018
0.4547524154186249
0.8650766611099243
0.27822345495224
0.1774720996618271
0.017533333972096443
0.08403266221284866
0.014850104227662086
0.13707400858402252
0.06767411530017853
0.04992758110165596
0.059863053262233734
0.23210641741752625
0.6841793060302734
0.8350633978843689
0.584814190864563
0.6730090975761414
0.901516318321228
0.8831186294555664
0.5341382622718811
0.7752344608306885
0.8302447199821472
0.8024522066116333
0.8638610243797302
0.35280901193618774
0.2817629277706146
0.42576491832733154
0.20885400474071503
0.16007351875305176
0.9294859766960144
0.8555455803871155
0.5082210898399353
0.2851811647415161
0.21102561056613922
0.768476665019989
0.6867243647575378
0.6969581842422485
0.9145784378051758
0.05005381256341934
0.21874436736106873
0.06574606150388718
0.7068127393722534
0.7320680022239685
0.1101982444524765
0.986135721206665
0.9929592609405518
0.9938971400260925
0.035145241767168045
0.11533662676811218
0.6066768169403076
0.18252794444561005
0.9235983490943909
0.8298654556274414
0.9931926131248474
0.13240869343280792
0.1289871484041214
0.9797754883766174
0.9785769581794739
0.7413235902786255
0.8703937530517578
0.7929016351699829
0.7475529909133911
0.610225260257721
0.2757866680622101
0.8290921449661255
0.6760879158973694
0.9676529765129089
0.9120029211044312
0.3746870458126068
0.8973265290260315
0.9901488423347473
0.21252988278865814
0.21280063688755035
0.4235913157463074
0.26476120948791504
0.16885356605052948
0.6183565258979797
0.8994374871253967
0.7253512144088745
0.010143155232071877
0.04255087673664093
0.1546137034893036
0.6127118468284607
0.9577007293701172
0.9346825480461121
0.5064292550086975
0.88882976770401
0.5191495418548584
0.28840523958206177
0.9178144335746765
0.803909182548523
0.8729795813560486
0.8304033279418945
0.9296910166740417
0.992051362991333
0.07305461913347244
0.8797016143798828
0.8429051041603088
0.7380619645118713
0.08817542344331741
0.10938428342342377
0.2735023498535156
0.4903096854686737
0.0351494625210762
0.07318948954343796
0.8707550168037415
0.9364491701126099
0.7986819744110107
0.5609395503997803
0.9451486468315125
0.9782629609107971
0.8808827996253967
0.5258757472038269
0.7341070771217346
0.9889572262763977
0.9806839227676392
0.9930184483528137
0.9894483089447021
0.6482029557228088
0.13228341937065125
0.8764527440071106
0.9805319905281067
0.907294511795044
0.9930840730667114
0.3588951528072357
0.26021674275398254
0.44153887033462524
0.9136520028114319
0.30936041474342346
0.9118530750274658
0.8326669335365295
0.7702809572219849
0.7854862213134766
0.9045106172561646
0.9071529507637024
0.9248465299606323
0.14134524762630463
0.0691826343536377
0.1855934113264084
0.5791939496994019
0.4127867817878723
0.28987470269203186
0.056872811168432236
0.15041151642799377
0.16137613356113434
0.10052677989006042
0.1770472228527069
0.14271356165409088
0.5493660569190979
0.5028371214866638
0.5609764456748962
0.8705554604530334
0.8207812905311584
0.5483736395835876
0.5377765893936157
0.7419280409812927
0.2659936845302582
0.09842343628406525
0.17251275479793549
0.47247111797332764
0.5028961300849915
0.9755427837371826
0.5676336288452148
0.4375254511833191
0.08715001493692398
0.1650777906179428
0.2610417902469635
0.8322312831878662
0.8406445384025574
0.736908495426178
0.1587165743112564
0.6217238306999207
0.17125196754932404
0.8713892698287964
0.9026962518692017
0.09218878298997879
0.05045909807085991
0.7393806576728821
0.7767444849014282
0.7630470395088196
0.6455711722373962
0.820536732673645
0.8684045076370239
0.7190038561820984
0.9540761113166809
0.9521535634994507
0.03722288832068443
0.2585749328136444
0.9090917110443115
0.7293947339057922
0.8633280992507935
0.8410825133323669
0.820207417011261
0.020907344296574593
0.31026285886764526
0.3449798822402954
0.9033961892127991
0.6382664442062378
0.543735146522522
0.31732460856437683
0.17636343836784363
0.7520625591278076
0.7029999494552612
0.7908563613891602
0.5176742672920227
0.6150191426277161
0.8078643679618835
0.6117926836013794
0.5470858812332153
0.4191942811012268
0.13805684447288513
0.10441771894693375
0.7172806262969971
0.27432864904403687
0.9443662166595459
0.995537519454956
0.1066603809595108
0.7639598250389099
0.09927081316709518
0.6953482031822205
0.6807583570480347
0.7101829648017883
0.8742678761482239
0.8250097632408142
0.4857945144176483
0.7537448406219482
0.5649054050445557
0.891640305519104
0.057739537209272385
0.30830076336860657
0.6530331969261169
0.3162766993045807
0.9858030676841736
0.9782937169075012
0.980009913444519
0.325887531042099
0.06361258774995804
0.9854671359062195
0.9745319485664368
0.6765639185905457
0.8160956501960754
0.7489036917686462
0.5616187453269958
0.9868801832199097
0.7721073031425476
0.4494361877441406
0.304586797952652
0.6082443594932556
0.6892569661140442
0.7553462386131287
0.7841500639915466
0.6220420598983765
0.4501765966415405
0.8393509984016418
0.7694694995880127
0.7499923706054688
0.4239782392978668
0.9757909178733826
0.9787181615829468
0.9691625833511353
0.9881317019462585
0.9834524393081665
0.7578765749931335
0.8243410587310791
0.7632395625114441
0.08687218278646469
0.9116050004959106
0.6437140107154846
0.9715768098831177
0.1591484695672989
0.5742282867431641
0.8381493091583252
0.5046687126159668
0.6607487201690674
0.7108871936798096
0.20845717191696167
0.6076604723930359
0.504780113697052
0.4216175377368927
0.7143627405166626
0.610995352268219
0.919148325920105
0.8713528513908386
0.7673759460449219
0.3164238929748535
0.23590239882469177
0.8711777329444885
0.8953465223312378
0.6519170999526978
0.10573232918977737
0.5310838222503662
0.4215226173400879
0.2794543504714966
0.6866396069526672
0.7785679697990417
0.07010414451360703
0.9950641989707947
0.9919338822364807
0.9920043349266052
0.7923094034194946
0.20954717695713043
0.3577875792980194
0.44930046796798706
0.43998464941978455
0.8161067366600037
0.15678855776786804
0.9258044362068176
0.9950798153877258
0.9895555973052979
0.28600263595581055
0.7385678887367249
0.8048643469810486
0.692459225654602
0.9072557687759399
0.7783690094947815
0.5789601802825928
0.24452394247055054
0.6617572903633118
0.7543632388114929
0.985345721244812
0.9661404490470886
0.9840962886810303
0.995352566242218
0.9901488423347473
0.9838545322418213
0.8477373719215393
0.8874848484992981
0.989048421382904
0.7234107255935669
0.49852389097213745
0.9645057320594788
0.9612640142440796
0.9825908541679382
0.6068847179412842
0.6324658989906311
0.6548317670822144
0.15420840680599213
0.9564363360404968
0.980638861656189
0.9945839047431946
0.9898451566696167
0.7775307297706604
0.5241191387176514
0.9846354126930237
0.4756595492362976
0.35531917214393616
0.19685667753219604
0.9783402681350708
0.2666630446910858
0.19490525126457214
0.22405274212360382
0.11779282242059708
0.40564510226249695
0.3348136246204376
0.4262412190437317
0.5547247529029846
0.7947505712509155
0.49185580015182495
0.7991315126419067
0.32341331243515015
0.9875808954238892
0.20569464564323425
0.5604204535484314
0.08573667705059052
0.1306321769952774
0.1404649168252945
0.8251592516899109
0.8174494504928589
0.014887694269418716
0.2888812720775604
0.9870005249977112
0.9940047860145569
0.6748555898666382
0.9917250275611877
