0.6327816247940063
0.24849027395248413
0.857059895992279
0.5775640606880188
0.8031085133552551
0.22214287519454956
0.12805910408496857
0.6560913920402527
0.40576228499412537
0.6765789985656738
0.0649891123175621
0.36295613646507263
0.22304077446460724
0.7487888932228088
0.09891080111265182
0.9146254062652588
0.8591298460960388
0.4877072274684906
0.26986756920814514
0.13267837464809418
0.09787315130233765
0.29516172409057617
0.11426053196191788
0.2967347800731659
0.7406492829322815
0.18942910432815552
0.20952661335468292
0.746124267578125
0.2844023108482361
0.8173072338104248
0.9229140281677246
0.9146878719329834
0.13771578669548035
0.13084205985069275
0.8846810460090637
0.08487202972173691
0.9610281586647034
0.6332249045372009
0.0545395128428936
0.8791602253913879
0.9098045229911804
0.8728435635566711
0.905533492565155
0.03751729056239128
0.6084213852882385
0.8746363520622253
0.6882873177528381
0.8328953385353088
0.8559536933898926
0.2432713359594345
0.802573025226593
0.11471211165189743
0.10144742578268051
0.7867543697357178
0.8808285593986511
0.8197389245033264
0.8468542098999023
0.6229891180992126
0.16063165664672852
0.9007813334465027
0.41908904910087585
0.9578258991241455
0.8711673617362976
0.9145188927650452
0.08740804344415665
0.38594600558280945
0.04644918814301491
0.8835399150848389
0.019807398319244385
0.6906643509864807
0.9356613755226135
0.9226169586181641
0.6443759799003601
0.8079588413238525
0.6038209795951843
0.37164244055747986
0.19604754447937012
0.10988964885473251
0.9197090268135071
0.07565269619226456
0.051885396242141724
0.21005652844905853
0.7666082382202148
0.0763527974486351
0.8658061623573303
0.1690700203180313
0.6549919843673706
0.9654859900474548
0.12206364423036575
0.10185439139604568
0.43881043791770935
0.09084576368331909
0.32983043789863586
0.8713410496711731
0.7084960341453552
0.8110125064849854
0.06372339278459549
0.21684855222702026
0.8858542442321777
0.007841619662940502
0.20139026641845703
0.1705823391675949
0.44841691851615906
0.10274335741996765
0.012605097144842148
0.03509118780493736
0.504351794719696
0.20809130370616913
0.49335333704948425
0.7145631313323975
0.9039473533630371
0.8555896878242493
0.364630788564682
0.6907742023468018
0.7594019770622253
0.033968064934015274
0.9175517559051514
0.14998340606689453
0.10265479236841202
0.21674372255802155
0.1213381215929985
0.7657024264335632
0.025758733972907066
0.9405648112297058
0.5893108248710632
0.9778082370758057
0.9660308361053467
0.9697709679603577
0.977131187915802
0.8872269988059998
0.2287147045135498
0.059367645531892776
0.037556909024715424
0.015519321896135807
0.06251487880945206
0.45403364300727844
0.3521883487701416
0.2675040066242218
0.9521093368530273
0.025140322744846344
0.08468971401453018
0.2162451297044754
0.02900639921426773
0.9424838423728943
0.09546927362680435
0.9202231764793396
0.20147250592708588
0.1280556172132492
0.8830602169036865
0.3352738618850708
0.7357521057128906
0.3716394901275635
0.5377487540245056
0.9193978905677795
0.5206862092018127
0.3266233503818512
0.05373115837574005
0.054335396736860275
0.24702243506908417
0.09926261752843857
0.8533799052238464
0.5356202721595764
0.11557900905609131
0.05629462003707886
0.8751218914985657
0.12263864278793335
0.6439543962478638
0.3935592472553253
0.9330453276634216
0.03057505190372467
0.2559473514556885
0.1992970108985901
0.24376583099365234
0.22307783365249634
0.1345471292734146
0.43300148844718933
0.06829188019037247
0.05978502333164215
0.4089334011077881
0.8666399121284485
0.8221644759178162
0.9462561011314392
0.9270089268684387
0.0294759813696146
0.09099003672599792
0.9411731362342834
0.8602984547615051
0.9153180122375488
0.0846012607216835
0.021105626598000526
0.7833673357963562
0.06680002808570862
0.8900465965270996
0.9127045273780823
0.49403396248817444
0.2755241096019745
0.18488992750644684
0.02118157409131527
0.6590891480445862
0.9608778953552246
0.07058483362197876
0.2602452337741852
0.011294868774712086
0.26179012656211853
0.8475102782249451
0.06105305626988411
0.04395650327205658
0.2091740369796753
0.1023854911327362
0.04354661703109741
0.07600689679384232
0.07140334695577621
0.9626235365867615
0.056703466922044754
0.15622739493846893
0.06611397117376328
0.04234614968299866
0.9152701497077942
0.8872592449188232
0.04236029088497162
0.03195768967270851
0.6732262969017029
0.10532381385564804
0.9226539134979248
0.23107440769672394
0.9663522243499756
0.9648799300193787
0.20043133199214935
0.9118518829345703
0.786529004573822
0.10398345440626144
0.009890655986964703
0.6547448039054871
0.04287483170628548
0.4897935688495636
0.9017059206962585
0.15215548872947693
0.8093600273132324
0.0772000178694725
0.09667409211397171
0.013459726236760616
0.02098659984767437
0.12651674449443817
0.08588846772909164
0.4060494899749756
0.33880162239074707
0.9956783652305603
0.9910569190979004
0.10356258600950241
0.6905255913734436
0.8183601498603821
0.6146336197853088
0.06751128286123276
0.027624094858765602
0.05064479634165764
0.013333260081708431
0.1832817643880844
0.2681257426738739
0.18416805565357208
0.6451213955879211
0.1239219531416893
0.5465532541275024
0.261898398399353
0.9302719235420227
0.6807709336280823
0.07101816684007645
0.8320600390434265
0.5911422967910767
0.7159107327461243
0.5433475375175476
0.11692368984222412
0.17550800740718842
0.062350932508707047
0.10547664016485214
0.6737918853759766
0.29510724544525146
0.17798419296741486
0.42733725905418396
0.023932434618473053
0.6234225034713745
0.9475657343864441
0.8603420257568359
0.8860562443733215
0.8890075087547302
0.1489674150943756
0.9228591918945312
0.7566969394683838
0.044878363609313965
0.05167344585061073
0.9223220944404602
0.8409468531608582
0.69663405418396
0.8860586285591125
0.05523631349205971
0.026481693610548973
0.1907700151205063
0.9308209419250488
0.1126633957028389
0.7963041663169861
0.4540375769138336
0.2272975891828537
0.46009430289268494
0.1813296526670456
0.19681447744369507
0.28828367590904236
0.8006485104560852
0.15614108741283417
0.3009374141693115
0.7036867141723633
0.8928561806678772
0.06428955495357513
0.046960026025772095
0.6830964088439941
0.02542130835354328
0.7319416403770447
0.16983895003795624
0.020879872143268585
0.20370353758335114
0.9184200763702393
0.2846195101737976
0.4615117311477661
0.052652254700660706
0.12972430884838104
0.7658870220184326
0.043213050812482834
0.9067164063453674
0.5142684578895569
0.03517302870750427
0.1862230896949768
0.9888026714324951
0.0496864952147007
0.021345453336834908
0.069514699280262
0.15729564428329468
0.01514547597616911
0.026748841628432274
0.9914302229881287
0.9785866141319275
0.589975893497467
0.11792799085378647
0.7507224678993225
0.6461830139160156
0.9045495986938477
0.9220957159996033
0.11083802580833435
0.38364818692207336
0.3127584755420685
0.02725200541317463
0.09888383746147156
0.12517498433589935
0.9087533950805664
0.7039173245429993
0.8025612831115723
0.23523114621639252
0.5478518009185791
0.195759117603302
0.030015239492058754
0.992597758769989
0.3628164827823639
0.5890899896621704
0.11757898330688477
0.03648269921541214
0.9241214394569397
0.1626330465078354
0.9091543555259705
0.9098350405693054
0.8842504024505615
0.8469712138175964
0.33680710196495056
0.0435338020324707
0.1625276803970337
0.8279253840446472
0.6374367475509644
0.8340680003166199
0.5992501378059387
0.5665163993835449
0.4412637948989868
0.9152944087982178
0.07622792571783066
0.23768401145935059
0.014407061040401459
0.07846929877996445
0.15226447582244873
0.8619591593742371
0.9054009318351746
0.06463754177093506
0.9024431705474854
0.777228832244873
0.05983767285943031
0.733163595199585
0.5526832938194275
0.03687779977917671
0.007556170225143433
0.11073698848485947
0.9779130816459656
0.9738172888755798
0.9167187213897705
0.09407059103250504
0.6834633350372314
0.902946412563324
0.4442761242389679
0.012537269853055477
0.9177948832511902
0.9397478699684143
0.07106383889913559
0.96820467710495
0.2691386044025421
0.8881514072418213
0.9446750283241272
0.8090131878852844
0.13055205345153809
0.1717444509267807
0.918604850769043
0.7026885151863098
0.21560190618038177
0.8119062781333923
0.2895204424858093
0.828115701675415
0.9203967452049255
0.7170895934104919
0.8227390646934509
0.40183719992637634
0.8814697265625
0.9299798011779785
0.13032545149326324
0.033784132450819016
0.4390611946582794
0.2317488193511963
0.9759795665740967
0.7156850695610046
0.06405747681856155
0.3229970633983612
0.12586989998817444
0.09944623708724976
0.12021852284669876
0.3027985394001007
0.9251270890235901
0.8922964930534363
0.9915743470191956
0.9893171787261963
0.020313482731580734
0.0158445592969656
0.26459386944770813
0.24312812089920044
0.36135610938072205
0.3091262876987457
0.6163243055343628
0.04922112822532654
0.34744754433631897
0.06951113045215607
0.2120971530675888
0.11318228393793106
0.2787313163280487
0.9076040387153625
0.9309561252593994
0.8238558769226074
0.662460207939148
0.0122017040848732
0.11196248978376389
0.12188026309013367
0.11119600385427475
0.6113584041595459
0.42163851857185364
0.36061298847198486
0.8973994255065918
0.16102734208106995
0.8586513996124268
0.18183881044387817
0.18275009095668793
0.8337354063987732
0.6703425049781799
0.7909941077232361
0.8205366730690002
0.7202580571174622
0.7078876495361328
0.7205443382263184
0.7254274487495422
0.8901947140693665
0.07419244199991226
0.05538420379161835
0.016006620600819588
0.8588173389434814
0.18168117105960846
0.013484359718859196
0.1526370644569397
0.44806787371635437
0.559453547000885
0.1352342665195465
0.057503700256347656
0.21636979281902313
0.12363453954458237
0.8543713688850403
0.016906194388866425
0.015289612114429474
0.011671989224851131
0.6834840178489685
0.17283643782138824
0.1010633334517479
0.17918075621128082
0.21663536131381989
0.9029363989830017
0.8806125521659851
0.12232588976621628
0.8259935975074768
0.12216734886169434
0.4214651584625244
0.06189369782805443
0.02165827713906765
0.2631392776966095
0.2123202681541443
0.8710435032844543
0.7699353098869324
0.306636244058609
0.03287513926625252
0.043293584138154984
0.01972864754498005
0.268831729888916
0.027162479236721992
0.15923640131950378
0.3366679847240448
0.8804529309272766
0.49902984499931335
0.818153440952301
0.9163852334022522
0.06852918118238449
0.31383216381073
0.19701196253299713
0.7984983921051025
0.5795103311538696
0.9297399520874023
0.021177763119339943
0.11969128251075745
0.8127110004425049
0.8862671852111816
0.8347596526145935
0.7327032089233398
0.7531808018684387
0.17731010913848877
0.6521366238594055
0.2361707240343094
0.6274235844612122
0.047776270657777786
0.12205472588539124
0.26842382550239563
0.8363383412361145
0.7745886445045471
0.6943213939666748
0.17119824886322021
0.19392748177051544
0.8215975165367126
0.8805825114250183
0.8839828968048096
0.0137209827080369
0.41502878069877625
0.14599813520908356
0.4044133126735687
0.05671824514865875
0.9096968770027161
0.8911242485046387
0.030713357031345367
0.7905922532081604
0.10666840523481369
0.7249206900596619
0.07708493620157242
0.1353038102388382
0.08431931585073471
0.8712232112884521
0.09675664454698563
0.5746251344680786
0.41508230566978455
0.12469147890806198
0.9327026009559631
0.010068031027913094
0.9133873581886292
0.2136804312467575
0.8184823989868164
0.9015267491340637
0.33552923798561096
0.020826399326324463
0.009838363155722618
0.26928284764289856
0.9354234337806702
0.14767220616340637
0.13627132773399353
0.36092010140419006
0.13366498053073883
0.9164494872093201
0.09585127234458923
0.9066571593284607
0.10424088686704636
0.02882935293018818
0.9083435535430908
0.22901427745819092
0.07272154092788696
0.415239542722702
0.018528060987591743
0.13966399431228638
0.03254427760839462
0.019080236554145813
0.9100456237792969
0.0489359050989151
0.8637062907218933
0.5104482769966125
0.12024793773889542
0.08253145217895508
0.20336157083511353
0.1630038172006607
0.2363291233778
0.07434224337339401
0.15976405143737793
0.45639023184776306
0.021291499957442284
0.33731594681739807
0.8381850123405457
0.9660864472389221
0.9623914361000061
0.02671453356742859
0.04075140878558159
0.03879794105887413
0.01979213021695614
0.021839052438735962
0.03177717328071594
0.9947556853294373
0.7603325247764587
0.7804019451141357
0.13621552288532257
0.4952344000339508
0.07543154805898666
0.0787053033709526
0.0611247755587101
0.12821485102176666
0.12471029162406921
0.9015998840332031
0.780160665512085
0.34023889899253845
0.9235040545463562
0.15589585900306702
0.8205718994140625
0.3103366792201996
0.6902170181274414
0.32268282771110535
0.9432632327079773
0.4621361196041107
0.9747390151023865
0.052735745906829834
0.904895007610321
0.1422087848186493
0.8420283198356628
0.9685675501823425
0.9755977988243103
0.9676762223243713
0.1305854171514511
0.0742616355419159
0.8388881683349609
0.0908237025141716
0.4208008050918579
0.05169648304581642
0.021836837753653526
0.6168665885925293
0.235420361161232
0.6864993572235107
0.06699267029762268
0.3601137101650238
0.26572200655937195
0.026867268607020378
0.0373140312731266
0.5711879730224609
0.713433563709259
0.13660885393619537
0.026319250464439392
0.14750833809375763
0.2957293391227722
0.8934096693992615
0.15475423634052277
0.0742701068520546
0.5841404795646667
0.2040298730134964
0.7307674884796143
0.39236247539520264
0.8502979278564453
0.22105295956134796
0.8569863438606262
0.1052868589758873
0.19023440778255463
0.16044184565544128
0.012736481614410877
0.7991232872009277
0.565689206123352
0.9547569751739502
0.5929973721504211
0.04148212447762489
0.16283147037029266
0.7666339874267578
0.5800659656524658
0.03808360546827316
0.6867459416389465
0.03356881067156792
0.03321227431297302
0.031070299446582794
0.9393618702888489
0.7333776354789734
0.9214861989021301
0.5985208749771118
0.1252182126045227
0.020996836945414543
0.4369547367095947
0.8006225228309631
0.1895185112953186
0.8971421122550964
0.17503966391086578
0.9532901644706726
0.7315893173217773
0.6988885402679443
0.8755314350128174
0.9285812973976135
0.6488904356956482
0.5083179473876953
0.136128768324852
0.12819360196590424
0.21021312475204468
0.19525833427906036
0.9070113301277161
0.042116086930036545
0.022649409249424934
0.051084186881780624
0.9258451461791992
0.7860050797462463
0.8652029633522034
0.4524281322956085
0.11144512891769409
0.028180144727230072
0.11156364530324936
0.05129150673747063
0.8286585211753845
0.08495693653821945
0.3178432881832123
0.5169138312339783
0.1900714635848999
0.10035639256238937
0.11112315207719803
0.07072769850492477
0.8513703942298889
0.9705197811126709
0.7977637648582458
0.8337011337280273
0.8781237602233887
0.06287429481744766
0.43691936135292053
0.8903768658638
0.01315484568476677
0.8023737072944641
0.041791174560785294
0.625201404094696
0.8611221313476562
0.8102044463157654
0.04988576099276543
0.2631688714027405
0.668202817440033
0.028238093480467796
0.7579676508903503
0.48515942692756653
0.444437712430954
0.8898503184318542
0.11724727600812912
0.87139493227005
0.3221156895160675
0.1652977615594864
0.902643620967865
0.17414768040180206
0.7595472931861877
0.20433606207370758
0.6817576289176941
0.3266409635543823
0.3733437955379486
0.4683533012866974
0.9686452746391296
0.031066929921507835
0.04455764964222908
0.046580586582422256
0.029247304424643517
0.05499419569969177
0.03689645603299141
0.21776731312274933
0.8845275044441223
0.11496617645025253
0.008165968582034111
0.1471509337425232
0.2416020780801773
0.14378300309181213
0.39639219641685486
0.9544899463653564
0.6859894394874573
0.07910949736833572
0.9119459986686707
0.06267012655735016
0.014511103741824627
0.6909651160240173
0.7188241481781006
0.04534915089607239
0.09333685040473938
0.025941090658307076
0.9245338439941406
0.2814483344554901
0.028629912063479424
0.7405195832252502
0.04759523272514343
0.05833655595779419
0.11702528595924377
0.3647349178791046
0.06615546345710754
0.03469241037964821
0.12056791037321091
0.022239653393626213
0.34907591342926025
0.1215558722615242
0.060907695442438126
0.8706269264221191
0.7412317395210266
0.2604503631591797
0.0486239455640316
0.11628314852714539
0.12119591236114502
0.20223991572856903
0.30243217945098877
0.027785271406173706
0.8723629117012024
0.09761303663253784
0.5434537529945374
0.23211728036403656
0.1770138293504715
0.16973234713077545
0.8591673374176025
0.062070682644844055
0.4982919692993164
0.8918070793151855
0.060017917305231094
0.48502299189567566
0.38851284980773926
0.016455186530947685
0.884030818939209
0.759344756603241
0.03275652602314949
0.5468905568122864
0.47292014956474304
0.013950593769550323
0.7171359658241272
0.9499630928039551
0.020082000643014908
0.8983986377716064
0.26475849747657776
0.3767867982387543
0.11021950095891953
0.9616827368736267
0.21436266601085663
0.09669945389032364
0.48915934562683105
0.9150332808494568
0.05939154699444771
0.009985332377254963
0.8271172046661377
0.14149846136569977
0.48073169589042664
0.06511018425226212
0.831885814666748
0.08915475010871887
0.009026396088302135
0.24970342218875885
0.80830317735672
0.09884346276521683
0.0511726550757885
0.8198829293251038
0.4447316825389862
0.04134923964738846
0.419040322303772
0.016062185168266296
0.9715971350669861
0.986124575138092
0.2548507750034332
0.1521051526069641
0.022937821224331856
0.02719818986952305
0.8360130190849304
0.2677069306373596
0.02370050735771656
0.02610095404088497
0.046518873423337936
0.949138879776001
0.05295635387301445
0.046711262315511703
0.11171110719442368
0.03805303946137428
0.015615176409482956
0.1090119406580925
0.9433870315551758
0.37106743454933167
0.12494174391031265
0.8456330895423889
0.8116399645805359
0.036661382764577866
0.10420102626085281
0.1591649204492569
0.07359214872121811
0.024348923936486244
0.11739987134933472
0.40164029598236084
0.06274500489234924
0.3310781717300415
0.022822806611657143
0.12612508237361908
0.01801258884370327
0.047518711537122726
0.03961974009871483
0.024487532675266266
0.016423463821411133
0.046465080231428146
0.03000400960445404
0.37398990988731384
0.0254030954092741
0.7838982939720154
0.19732867181301117
0.9918041825294495
0.9836329817771912
0.9839922785758972
0.5923286080360413
0.8223332762718201
0.040377262979745865
0.04212391376495361
0.022771818563342094
0.017032817006111145
0.020762326195836067
0.5830860137939453
0.8946700692176819
0.17961741983890533
0.5865238904953003
0.018453771248459816
0.1521838903427124
0.05013482645153999
0.22330094873905182
0.5434136986732483
0.9857659339904785
0.8586997389793396
0.9313271641731262
0.9337992668151855
0.7818843722343445
0.02441944181919098
0.0226092878729105
0.10545734316110611
0.92095547914505
0.11840870976448059
0.05500296875834465
0.12828734517097473
0.010415405035018921
0.026393502950668335
0.018750367686152458
0.12693747878074646
0.04627316817641258
0.4683765470981598
0.08927509188652039
0.08293177932500839
0.17349261045455933
0.9946627616882324
0.9946995377540588
0.989804208278656
0.9851983189582825
0.9796860814094543
0.03315981104969978
0.06939344853162766
0.1735348254442215
0.3827761709690094
0.026795534417033195
0.07432570308446884
0.04892881214618683
0.978054940700531
0.9765235781669617
0.015115555375814438
0.5100050568580627
0.016270900145173073
0.04845781624317169
0.05686946213245392
0.012407705187797546
0.9925169348716736
0.9837285876274109
0.11266229301691055
0.9914345145225525
0.9827325940132141
0.4821471869945526
0.0447450689971447
0.5305467247962952
0.8107480406761169
0.038933876901865005
0.029133470728993416
0.8818992972373962
0.043552786111831665
0.9476497173309326
0.060358237475156784
0.14978773891925812
0.6527253985404968
0.6568165421485901
0.022915324196219444
0.9414903521537781
0.7305603623390198
0.9484531283378601
0.03784661740064621
0.30407795310020447
0.9620775580406189
0.9228648543357849
0.3286358416080475
0.828709065914154
0.10134867578744888
0.3674049377441406
0.06188851594924927
0.9132956862449646
0.1362461894750595
0.23864193260669708
0.8573071956634521
0.9535014033317566
0.9221634268760681
0.8862265944480896
0.08682415634393692
0.7359234690666199
0.34455493092536926
0.2300538569688797
0.6590266823768616
0.08299516141414642
0.35063138604164124
0.3874138295650482
0.05743314325809479
0.9193739891052246
0.01384496409446001
0.15697133541107178
0.010670140385627747
0.9205877780914307
0.29650530219078064
0.42813757061958313
0.6618322134017944
0.6036766171455383
0.7013752460479736
0.1887546181678772
0.8154446482658386
0.4098973572254181
0.07511286437511444
0.8521456122398376
0.9089714884757996
0.24609903991222382
0.35329556465148926
0.21998433768749237
0.6315328478813171
0.12929697334766388
0.0407310426235199
0.7858763337135315
0.5562635660171509
0.08919161558151245
0.4003789722919464
0.7614970207214355
0.6838209629058838
0.1475122570991516
0.7385676503181458
0.8582906126976013
0.6046835780143738
0.6881477236747742
0.9327024817466736
0.7427403926849365
0.30006712675094604
0.04572254791855812
0.9213854670524597
0.10405061393976212
0.872187077999115
0.09365255385637283
0.6913954615592957
0.7007313370704651
0.3740261495113373
0.49195733666419983
0.7097029089927673
0.15031464397907257
0.8937934041023254
0.9322285056114197
0.8219234943389893
0.6343500018119812
0.9383838772773743
0.19099949300289154
0.10969895869493484
0.128825843334198
0.9228048324584961
0.8947007060050964
0.04231123998761177
0.29148033261299133
0.19911517202854156
0.5302750468254089
0.236113503575325
0.6004520654678345
0.6865763068199158
0.2031717449426651
0.44772860407829285
0.050096411257982254
0.6530061364173889
0.909135639667511
0.021387891843914986
0.08984041213989258
0.8222158551216125
0.9070139527320862
0.051398176699876785
0.11081738024950027
0.5966456532478333
0.008113407529890537
0.9080904126167297
0.013909039087593555
0.015692811459302902
0.06959842890501022
0.7825973033905029
0.07527061551809311
0.8636495471000671
0.3064364194869995
0.14077945053577423
0.020893780514597893
0.45615991950035095
0.01623656414449215
0.08182508498430252
0.10241245478391647
0.16617801785469055
0.10034075379371643
0.22193974256515503
0.8352445960044861
0.12004807591438293
0.05447809025645256
0.08591029047966003
0.04369620606303215
0.02767583727836609
0.011114188469946384
0.09713258594274521
0.03643045946955681
0.17399227619171143
0.02274402230978012
0.01221861969679594
0.5802271962165833
0.2558380663394928
0.7496101260185242
0.05889753997325897
0.20323127508163452
0.8311604857444763
0.0714682787656784
0.46098801493644714
0.0800100639462471
0.020238105207681656
0.17733246088027954
0.5710073709487915
0.014989323914051056
0.013304623775184155
0.05065682902932167
0.33174067735671997
0.11022684723138809
0.019014915451407433
0.03362021967768669
0.019412489607930183
0.07820472866296768
0.3145645558834076
0.6029965281486511
0.07003719359636307
0.013964422978460789
0.06341918557882309
0.04662344232201576
0.12073413282632828
0.4875844419002533
0.39540359377861023
0.1298094540834427
0.015101558528840542
0.01735793612897396
0.10284554958343506
0.06835941970348358
0.24939100444316864
0.807072639465332
0.03382493555545807
0.6769197583198547
0.26535317301750183
0.627349317073822
0.06332406401634216
0.8812491297721863
0.1699071079492569
0.0908624529838562
0.07818039506673813
0.7061557769775391
0.014488007873296738
0.755810558795929
0.6144943833351135
0.466734915971756
0.04582475498318672
0.022130729630589485
0.3440365791320801
0.23580433428287506
0.604952335357666
0.05360705032944679
0.2174725979566574
0.22558683156967163
0.8069484233856201
0.5470882654190063
0.3150271773338318
0.069121353328228
0.055151525884866714
0.4958414137363434
0.2898828685283661
0.04044540598988533
0.4470709264278412
0.7222560048103333
0.2780994474887848
0.8184701800346375
0.32384154200553894
0.18874256312847137
0.21628892421722412
0.015492754988372326
0.05379233881831169
0.723999559879303
0.0711802989244461
0.7140832543373108
0.12995894253253937
0.17148727178573608
0.040002722293138504
0.1508977711200714
0.02024952508509159
0.06885487586259842
0.1002734825015068
0.013411160558462143
0.047598738223314285
0.01771298609673977
0.036897387355566025
0.033363498747348785
0.20697520673274994
0.763608992099762
0.04495696723461151
0.019710874184966087
0.8883686065673828
0.5876506567001343
0.11197999119758606
0.15838050842285156
0.08283170312643051
0.04540443792939186
0.04044361785054207
0.1546986848115921
0.2570955753326416
0.04614419862627983
0.014135689474642277
0.0253988578915596
0.030593091621994972
0.016414515674114227
0.21810109913349152
0.052718762308359146
0.033999811857938766
0.04613259807229042
0.008845610544085503
0.7243797183036804
0.7504228949546814
0.048932287842035294
0.07297413051128387
0.04698583111166954
0.024718113243579865
0.014364960603415966
0.1344216912984848
0.026098089292645454
0.1100069060921669
0.10773373395204544
0.11422997713088989
0.061088647693395615
0.18001878261566162
0.024776801466941833
0.11241554468870163
0.06485553085803986
0.6943879723548889
0.40710505843162537
0.05230273678898811
0.8060278296470642
0.13946998119354248
0.0820668637752533
0.09791132807731628
0.06800072640180588
0.13703523576259613
0.09915947914123535
0.10921474546194077
0.28871214389801025
0.13080908358097076
0.12378137558698654
0.1347469538450241
0.017053313553333282
0.01544745359569788
0.04009348899126053
0.1620045155286789
0.047177549451589584
0.04533516243100166
0.17921090126037598
0.09508640319108963
0.2260150909423828
0.1163761243224144
0.13911904394626617
0.07240651547908783
0.21998637914657593
0.2356092780828476
0.06167455017566681
0.34784963726997375
0.0951819121837616
0.15276946127414703
0.04580347239971161
0.12496817857027054
0.02855895273387432
0.13199804723262787
0.12671826779842377
0.448561429977417
0.07421088218688965
0.418693870306015
0.9124194979667664
0.2539193332195282
0.13121798634529114
0.07134358584880829
0.06936968117952347
0.048052091151475906
0.10530384629964828
0.1129750981926918
0.0683479979634285
0.20709137618541718
0.13102975487709045
0.21376360952854156
0.16710032522678375
0.041992947459220886
0.2815571129322052
0.35047993063926697
0.06814327090978622
0.06382498890161514
0.3409421443939209
0.013265260495245457
0.16104120016098022
0.12636499106884003
0.04671604931354523
0.06532516330480576
0.05322165787220001
0.11342383176088333
0.06747876852750778
0.07997026294469833
0.11467674374580383
0.3327610194683075
0.03921125829219818
0.2701612114906311
0.5047192573547363
0.14127497375011444
0.1387045979499817
0.048077136278152466
0.008261295966804028
0.09454592317342758
0.07697072625160217
0.026786208152770996
0.030626876279711723
0.0076232836581766605
0.013791907578706741
0.09003931283950806
0.02383328229188919
0.15280699729919434
0.05263618007302284
0.06554398685693741
0.14017848670482635
0.40010377764701843
0.042476970702409744
0.015011771582067013
0.014911645092070103
0.054818298667669296
0.05323692038655281
0.019207539036870003
0.015931474044919014
0.0570184700191021
0.023862101137638092
0.032388508319854736
0.08637144416570663
0.17697478830814362
0.018099220469594002
0.0756949856877327
0.30564138293266296
0.014920499175786972
0.40650442242622375
0.09997629374265671
0.7569366097450256
0.4225803315639496
0.26197367906570435
0.15439115464687347
0.21070285141468048
0.20938627421855927
0.9239456653594971
0.14413924515247345
0.03206442669034004
0.09604448080062866
0.59073406457901
0.8168789744377136
0.09731873869895935
0.39170584082603455
0.6919142603874207
0.022893771529197693
0.5472195744514465
0.8395647406578064
0.1474503129720688
0.02499541826546192
0.03360935300588608
0.5197124481201172
0.7634589076042175
0.42779549956321716
0.08959554880857468
0.06751953810453415
0.013861446641385555
0.29674553871154785
0.032702360302209854
0.04814259335398674
0.6658011674880981
0.7457075119018555
0.5829910039901733
0.11575176566839218
0.049867983907461166
0.09050783514976501
0.7278969287872314
0.07424541562795639
0.019093789160251617
0.046316225081682205
0.39877113699913025
0.10775250941514969
0.10425975173711777
0.4785069525241852
0.08082617074251175
0.08681091666221619
0.13247793912887573
0.15028518438339233
0.46349382400512695
0.02391783334314823
0.0696796402335167
0.1112494096159935
0.11842524260282516
0.027019916102290154
0.039104413241147995
0.014242798089981079
0.045273810625076294
0.19059020280838013
0.026656754314899445
0.9783570766448975
0.9710958003997803
0.9707981944084167
0.06250599771738052
0.7392117381095886
0.7886101603507996
0.013174649327993393
0.01333185750991106
0.38706448674201965
0.7869623303413391
0.04582689329981804
0.17437392473220825
0.026612907648086548
0.18190371990203857
0.056244026869535446
0.03533586859703064
0.07670136541128159
0.1822008639574051
0.4423469305038452
0.00888208206743002
0.15325573086738586
0.9933204054832458
0.9867715835571289
0.25564560294151306
0.5067310333251953
0.06988852471113205
0.04576253890991211
0.4230027198791504
0.2010059505701065
0.012490754015743732
0.04246038198471069
0.5365211367607117
0.049784135073423386
0.555567741394043
0.7978526949882507
0.19428622722625732
0.4453844130039215
0.12295207381248474
0.6560274958610535
0.16428698599338531
0.8731277585029602
0.10654205083847046
0.10260811448097229
0.08917173743247986
0.022045835852622986
0.5791400671005249
0.023783119395375252
0.05757017806172371
0.6067665815353394
0.023920513689517975
0.01633870042860508
0.03674411401152611
0.3495710790157318
0.08759433776140213
0.03149053081870079
0.20986343920230865
0.39708682894706726
0.24235676229000092
0.09362563490867615
0.6419408917427063
0.689400851726532
0.24104958772659302
0.07636097073554993
0.02945021353662014
0.01070629432797432
0.08770418912172318
0.015963038429617882
0.03554612025618553
0.013172383420169353
0.04808426275849342
0.13707880675792694
0.28544726967811584
0.11135363578796387
0.027529848739504814
0.909885585308075
0.02311546355485916
0.18205146491527557
0.16403590142726898
0.05864924192428589
0.04749767482280731
0.017747512087225914
0.04152648523449898
0.9679508805274963
0.04614326357841492
0.7528243660926819
0.7658154964447021
0.9112187027931213
0.01698235236108303
0.04042791947722435
0.0160380806773901
0.022667909041047096
0.011628485284745693
0.011803125031292439
0.03907707333564758
0.0934094786643982
0.023507045581936836
0.6681000590324402
0.12633103132247925
0.03376590833067894
0.017411695793271065
0.015233254991471767
0.5996825098991394
0.46732866764068604
0.7286694645881653
0.020004665479063988
0.22132520377635956
0.1805703192949295
0.16147413849830627
0.06087566912174225
0.05092286691069603
0.01639031060039997
0.7983691692352295
0.7950953841209412
0.013878325931727886
0.4462689161300659
0.34704113006591797
0.016734283417463303
0.013698760420084
0.26279929280281067
0.05668877437710762
0.047088440507650375
0.36468446254730225
0.040180753916502
0.036841798573732376
0.03169810026884079
0.01380003523081541
0.05825040861964226
0.023989306762814522
0.09446943551301956
0.0944954976439476
0.08448982238769531
0.008900209330022335
0.1673373579978943
0.08092787116765976
0.022008905187249184
0.10265859961509705
0.04219168797135353
0.03951236605644226
0.1137421652674675
0.15242306888103485
0.019692793488502502
0.10168728977441788
0.6738500595092773
0.060186803340911865
0.015728099271655083
0.09439011663198471
0.12768468260765076
0.0853084921836853
0.10012966394424438
0.01977618597447872
0.12705343961715698
0.030991801992058754
0.7107006907463074
0.986431360244751
0.9547207355499268
0.27183911204338074
0.06443529576063156
0.7166641354560852
0.009390159510076046
0.05061067268252373
0.05463376268744469
0.023151911795139313
0.9637033343315125
0.014736704528331757
0.009501940570771694
0.19101779162883759
0.05336643382906914
0.04252299666404724
0.0479542575776577
0.163754403591156
0.5901305675506592
0.6233258843421936
0.49213919043540955
0.3632049858570099
0.1247595027089119
0.09837879985570908
0.2677614986896515
0.5121474862098694
0.03026122786104679
0.012772132642567158
0.883599042892456
0.11522219330072403
0.9187617301940918
0.13728320598602295
0.06898954510688782
0.9884164929389954
0.11013960093259811
0.34455788135528564
0.018151795491576195
0.4735288619995117
0.04555026814341545
0.48065996170043945
0.905110776424408
0.23531590402126312
0.02225510962307453
0.020620206370949745
0.052112337201833725
0.08350978046655655
0.09516853094100952
0.17735826969146729
0.11700355261564255
0.03426913544535637
0.06655313074588776
0.010626944713294506
0.022592559456825256
0.009199634194374084
0.9208898544311523
0.11692986637353897
0.021014444530010223
0.02308247983455658
0.02609355002641678
0.017384232953190804
0.14082454144954681
0.01700069196522236
0.7897365093231201
0.032483745366334915
0.20345737040042877
0.9771456122398376
0.28461188077926636
0.46151116490364075
0.9062034487724304
0.32967087626457214
0.17463378608226776
0.16845405101776123
0.15087048709392548
0.18003319203853607
0.3175610303878784
0.012552767992019653
0.01817353628575802
0.02212107740342617
0.6751002669334412
0.5588192343711853
0.4931751787662506
0.7056147456169128
0.6261790990829468
0.06278384476900101
0.209699809551239
0.011161993257701397
0.016294220462441444
0.01819845288991928
0.02776261605322361
0.24456556141376495
0.05273577198386192
0.743807852268219
0.23590843379497528
0.12003543972969055
0.027338534593582153
0.020384347066283226
0.2729355990886688
0.03566063567996025
0.15386022627353668
0.014638743363320827
0.01344223041087389
0.025087812915444374
0.08099588006734848
0.03852864354848862
0.0685150995850563
0.06887301802635193
0.3241155445575714
0.07705851644277573
0.0137222521007061
0.0745212584733963
0.2217734307050705
0.9751095771789551
0.9625779986381531
0.30632153153419495
0.5288035869598389
0.06521474570035934
0.015175532549619675
0.044540081173181534
0.02456740103662014
0.024812864139676094
0.11748892068862915
0.8180847764015198
0.08490227907896042
0.03837847337126732
0.011571596376597881
0.11577963083982468
0.026746079325675964
0.28166571259498596
0.06581416726112366
0.040665153414011
0.09742733091115952
0.8564217686653137
0.4440068304538727
0.010225947946310043
0.045198287814855576
0.012685097754001617
0.060910627245903015
0.3201095759868622
0.36998867988586426
0.04484846815466881
0.06247150897979736
0.10277096182107925
0.04845713451504707
0.1541488766670227
0.08808156847953796
0.07745157927274704
0.4220832288265228
0.5993511080741882
0.32271113991737366
0.06557095795869827
0.029031580314040184
0.7277286052703857
0.5857446789741516
0.850169837474823
0.7376083731651306
0.738946259021759
0.09301489591598511
0.039612870663404465
0.047425150871276855
0.024300971999764442
0.35896268486976624
0.3220055401325226
0.39046910405158997
0.7352513670921326
0.0762333944439888
0.12356200069189072
0.0247663427144289
0.13796743750572205
0.0765514224767685
0.2165936976671219
0.12200998514890671
0.758732259273529
0.08640450239181519
0.4566360414028168
0.03391784057021141
0.6934384703636169
0.17694060504436493
0.016205258667469025
0.48442342877388
0.05262809619307518
0.6872348189353943
0.05039331689476967
0.37618616223335266
0.042149510234594345
0.042495060712099075
0.016775736585259438
0.18799352645874023
0.04348574951291084
0.1586565375328064
0.02484690584242344
0.07570434361696243
0.10119202733039856
0.08962441235780716
0.07306570559740067
0.8937375545501709
0.883646547794342
0.7812606692314148
0.07890167087316513
0.10429397225379944
0.017791692167520523
0.13373146951198578
0.058010756969451904
0.01400640606880188
0.5343324542045593
0.05216778814792633
0.1454988569021225
0.16118861734867096
0.1461958885192871
0.039874911308288574
0.37252673506736755
0.04126032441854477
0.45047321915626526
0.7721127867698669
0.21961133182048798
0.7947661280632019
0.4305926561355591
0.2871147096157074
0.042179811745882034
0.39664602279663086
0.16278530657291412
0.4566236734390259
0.01544845849275589
0.2963007986545563
0.02845243364572525
0.12056029587984085
0.07974670082330704
0.020832804962992668
0.2764086425304413
0.016715822741389275
0.29696646332740784
0.12092896550893784
0.019495397806167603
0.821474015712738
0.11319956183433533
0.13008639216423035
0.0653085857629776
0.02923172153532505
0.17950613796710968
0.015446959994733334
0.0635543093085289
0.11723816394805908
0.29360464215278625
0.05011875554919243
0.17962437868118286
0.15919244289398193
0.02543502114713192
0.0153278773650527
0.1429927945137024
0.05047642067074776
0.011519760824739933
0.021789083257317543
0.1145026683807373
0.061716001480817795
0.03197489306330681
0.03134089335799217
0.01790671981871128
0.14811375737190247
0.08829101175069809
0.020269276574254036
0.021398914977908134
0.5604564547538757
0.5165887475013733
0.015782026574015617
0.18178462982177734
0.09480149298906326
0.12925539910793304
0.03164443001151085
0.5608660578727722
0.6790681481361389
0.06041142717003822
0.05142074450850487
0.1867576241493225
0.07437361031770706
0.05512681603431702
0.01253559160977602
0.053181905299425125
0.11147340387105942
0.12644274532794952
0.03965330123901367
0.05631241202354431
0.02012757584452629
0.02381635271012783
0.042305294424295425
0.95943683385849
0.8767377734184265
0.9426340460777283
0.017023371532559395
0.9384160041809082
0.9343097805976868
0.1291077733039856
0.6698254942893982
0.03442143276333809
0.035344887524843216
0.0745953693985939
0.05668020248413086
0.03008091449737549
0.1451869159936905
0.07267943769693375
0.07833193242549896
0.07027813792228699
0.05197605490684509
0.6332502365112305
0.038256362080574036
0.9955155253410339
0.9095237851142883
0.1745731383562088
0.034434814006090164
0.16331607103347778
0.3000124990940094
0.9034535884857178
0.09823008626699448
0.3500155508518219
0.01661027781665325
0.1974295973777771
0.0374312587082386
0.029887361451983452
0.03095961920917034
0.2331000715494156
0.633644700050354
0.14562050998210907
0.5222832560539246
0.8686013221740723
0.8656821846961975
0.06779368966817856
0.1384749561548233
0.21433420479297638
0.012591150589287281
0.12835340201854706
0.15572355687618256
0.09838057309389114
0.10255513340234756
0.7440070509910583
0.6340356469154358
0.09031102806329727
0.020101891830563545
0.10551512241363525
0.5597711205482483
0.012245780788362026
0.013309243135154247
0.055060695856809616
0.0894976332783699
0.1987684816122055
0.011915363371372223
0.07704172283411026
0.8339423537254333
0.12597595155239105
0.26976561546325684
0.3420923948287964
0.16642168164253235
0.3023700714111328
0.05511842295527458
0.9642853140830994
0.08023234456777573
0.024822041392326355
0.03969492018222809
0.11901450157165527
0.02140619605779648
0.12373822927474976
0.1012483462691307
0.4651268720626831
0.1464952826499939
0.5757753849029541
0.844027042388916
0.07666518539190292
0.0966375470161438
0.33563652634620667
0.7533528804779053
0.02608451060950756
0.6764030456542969
0.032609108835458755
0.41560855507850647
0.17286016047000885
0.021298030391335487
0.5888532996177673
0.06537278741598129
0.02437576651573181
0.43863460421562195
0.332592636346817
0.783210277557373
0.7030394077301025
0.0944768562912941
0.18963392078876495
0.023954659700393677
0.03721330314874649
0.07415899634361267
0.03981928899884224
0.05942657217383385
0.12140826135873795
0.04179130867123604
0.1881403923034668
0.5617680549621582
0.06993547827005386
0.1020076796412468
0.08993197232484818
0.16397733986377716
0.06662563979625702
0.11361933499574661
0.016847558319568634
0.040995605289936066
0.5987276434898376
0.05922996625304222
0.1330215483903885
0.07243018597364426
0.23457056283950806
0.6471676230430603
0.44662365317344666
0.2197534590959549
0.8600075244903564
0.34467223286628723
0.11029118299484253
0.024033794179558754
0.025488190352916718
0.01671319454908371
0.040793970227241516
0.3906848430633545
0.414127379655838
0.03437274694442749
0.35548803210258484
0.8290899395942688
0.7267761826515198
0.01718067191541195
0.026606490835547447
0.3393714725971222
0.005816133227199316
0.1634141206741333
0.14588093757629395
0.9597897529602051
0.8119438290596008
0.930248498916626
0.1464528888463974
0.11126651614904404
0.020576247945427895
0.05767844244837761
0.5707433223724365
0.022791042923927307
0.27591753005981445
0.021062450483441353
0.8028683662414551
0.14295683801174164
0.0930342748761177
0.06285560876131058
0.028971297666430473
0.30533358454704285
0.06728135049343109
0.06940854340791702
0.10606051236391068
0.02533269114792347
0.015900323167443275
0.024198153987526894
0.09134572744369507
0.6473972201347351
0.8340281844139099
0.5931702256202698
0.7853826880455017
0.2861896753311157
0.026479588821530342
0.6673794388771057
0.06989744305610657
0.2573673725128174
0.058734502643346786
0.6277463436126709
0.2706123888492584
0.04290534555912018
0.24540847539901733
0.058490440249443054
0.04841406270861626
0.19141900539398193
0.1967044323682785
0.426961749792099
0.6514820456504822
0.7334201335906982
0.7749741077423096
0.27131834626197815
0.015521659515798092
0.03897415101528168
0.053202006965875626
0.00888227391988039
0.4878508150577545
0.10756636410951614
0.17019392549991608
0.03159060701727867
0.35865965485572815
0.08706778287887573
0.352652907371521
0.8911864161491394
0.17420931160449982
0.12569399178028107
0.02368227206170559
0.14327968657016754
0.9835346341133118
0.9826322197914124
0.45565178990364075
0.06775543838739395
0.040561430156230927
0.42064177989959717
0.4565613269805908
0.12962429225444794
0.30066022276878357
0.13073676824569702
0.013946272432804108
0.019427631050348282
0.10349900275468826
0.5779051780700684
0.0724833682179451
0.10110940784215927
0.13388647139072418
0.08260784298181534
0.07519479095935822
0.10685601085424423
0.7535721659660339
0.06863640993833542
0.2815271019935608
0.11982009559869766
0.2588343620300293
0.2599058449268341
0.42624250054359436
0.09392369538545609
0.03700871765613556
0.07561089098453522
0.1269190013408661
0.9936783313751221
0.9940113425254822
0.988555908203125
0.038713935762643814
0.7796341776847839
0.022056257352232933
0.0959232822060585
0.02304128371179104
0.08221171051263809
0.2977500855922699
0.04560297355055809
0.08562298864126205
0.2502715289592743
0.07361072301864624
0.1764400452375412
0.03192805126309395
0.031271401792764664
0.8535537123680115
0.37809455394744873
0.04133874177932739
0.3800577223300934
0.08676847815513611
0.06875135004520416
0.07675275951623917
0.24237626791000366
0.016062766313552856
0.0734146237373352
0.113644540309906
0.8526186943054199
0.08465082198381424
0.2684789001941681
0.08016661554574966
0.03881348669528961
0.03645986318588257
0.038764435797929764
0.7034733891487122
0.04496191814541817
0.05039456859230995
0.06484029442071915
0.051472008228302
0.014007517136633396
0.655806303024292
0.09478104114532471
0.08051757514476776
0.27684780955314636
0.0895308181643486
0.017928021028637886
0.42677438259124756
0.2037513107061386
0.01755029894411564
0.027257820591330528
0.02750459499657154
0.023594209924340248
0.22637833654880524
0.04167845472693443
0.02044025808572769
0.10534254461526871
0.26291587948799133
0.20532400906085968
0.5868964195251465
0.6218146681785583
0.016064457595348358
0.026827340945601463
0.09232139587402344
0.12726348638534546
0.11709024757146835
0.08269629627466202
0.21901802718639374
0.1674240380525589
0.21737122535705566
0.01365577895194292
0.6133275628089905
0.986330509185791
0.9655239582061768
0.9634234309196472
0.5782895684242249
0.04042482748627663
0.13036902248859406
0.2448488473892212
0.2781991958618164
0.26843395829200745
0.16706228256225586
0.03961232677102089
0.08958566188812256
0.6634507775306702
0.03080478496849537
0.03605196997523308
0.8949348330497742
0.024158773943781853
0.03533383086323738
0.04902397468686104
0.9840402007102966
0.7692606449127197
0.013535869307816029
0.2818329334259033
0.6002314686775208
0.5745040774345398
0.5918826460838318
0.2617288827896118
0.012253536842763424
0.09559250622987747
0.2961481511592865
0.5032355189323425
0.40296730399131775
0.012736688368022442
0.5250158905982971
0.10424540191888809
0.39902982115745544
0.016708573326468468
0.5490685105323792
0.8694367408752441
0.924629271030426
0.019833480939269066
0.727174699306488
0.4905882179737091
0.8445212841033936
0.20739763975143433
0.16734986007213593
0.027608266100287437
0.2377973198890686
0.024833017960190773
0.09172003716230392
0.30675801634788513
0.2290993481874466
0.017392631620168686
0.15730050206184387
0.6915319561958313
0.1558178812265396
0.01796172931790352
0.15034949779510498
0.9175432324409485
0.2507489323616028
0.6780237555503845
0.553402304649353
0.059396952390670776
0.2931227385997772
0.07678990811109543
0.6517698168754578
0.24645857512950897
0.027325846254825592
0.5344445109367371
0.03330677002668381
0.07059583812952042
0.16883599758148193
0.1845635175704956
0.011855592019855976
0.8184494376182556
0.29039594531059265
0.2240123748779297
0.049061790108680725
0.05712028220295906
0.16223329305648804
0.029314160346984863
0.011304516345262527
0.009490211494266987
0.11538437753915787
0.02917073480784893
0.01933576539158821
0.010498981922864914
0.05476154014468193
0.0328318253159523
0.8278208374977112
0.1962519735097885
0.030303172767162323
0.4878937005996704
0.038061805069446564
0.014979974366724491
0.020970677956938744
0.7507693767547607
0.4690288007259369
0.4580177962779999
0.4486958980560303
0.6548041701316833
0.7573145031929016
0.7692791819572449
0.9506853222846985
0.9726693034172058
0.46691498160362244
0.9850661158561707
0.6789882779121399
0.2618592381477356
0.6645190715789795
0.9500864148139954
0.6422267556190491
0.020032651722431183
0.030423395335674286
0.9088273048400879
0.7662484049797058
0.03753726929426193
0.8837714791297913
0.935173749923706
0.016797775402665138
0.025849448516964912
0.01274573802947998
0.8881084322929382
0.8521571755409241
0.052780475467443466
0.9154486656188965
0.38099536299705505
0.1533176451921463
0.2581317126750946
0.010664891451597214
0.08979740738868713
0.13568899035453796
0.9406910538673401
0.8621519207954407
0.07391297817230225
0.023889387026429176
0.22903884947299957
0.12361859530210495
0.09167981892824173
0.22758524119853973
0.07331947982311249
0.6523147225379944
0.6171280741691589
0.017473896965384483
0.6344144940376282
0.044422730803489685
0.18987427651882172
0.24127160012722015
0.4646449387073517
0.458456426858902
0.04368339106440544
0.0829823687672615
0.04331786930561066
0.0214924905449152
0.16043221950531006
0.006566257681697607
0.15615171194076538
0.23534733057022095
0.7632007002830505
0.853386640548706
0.5619962811470032
0.870067298412323
0.052291881293058395
0.043562401086091995
0.2982225716114044
0.417790025472641
0.012474210001528263
0.022063113749027252
0.014998611062765121
0.027928678318858147
0.0046812803484499454
0.008292082697153091
0.02215142361819744
0.020841779187321663
0.09300902485847473
0.12019652128219604
0.010317725129425526
0.23813234269618988
0.01557722594588995
0.5765939354896545
0.009941265918314457
0.37082239985466003
0.3280601501464844
0.3833146393299103
0.40513911843299866
0.5012134909629822
0.02387128584086895
0.03163841739296913
0.04719090834259987
0.011397535912692547
0.23798125982284546
0.01881168596446514
0.036417968571186066
0.6366528868675232
0.026572829112410545
0.013434916734695435
0.9560393691062927
0.09357165545225143
0.2648948132991791
0.03913155198097229
0.6479142308235168
0.43963250517845154
0.6159362196922302
0.5865806937217712
0.6123232245445251
0.5027009844779968
0.0817372128367424
0.866229772567749
0.7811107635498047
0.033893879503011703
0.13592886924743652
0.5756613612174988
0.25348177552223206
0.02777847647666931
0.6053513288497925
0.10941988229751587
0.07537887245416641
0.6287582516670227
0.05076024308800697
0.017738258466124535
0.34983086585998535
0.01132699940353632
0.2928404211997986
0.054950494319200516
0.23410384356975555
0.30853837728500366
0.3010512590408325
0.018098851665854454
0.6079222559928894
0.8206149935722351
0.6909074783325195
0.20533747971057892
0.5986253619194031
0.7449150681495667
0.055475275963544846
0.1493358016014099
0.09385710954666138
0.042796749621629715
0.7157533168792725
0.1271824687719345
0.011808935552835464
0.03722475841641426
0.012586746364831924
0.03539179638028145
0.035310838371515274
0.011108740232884884
0.01294394489377737
0.126116082072258
0.039841219782829285
0.0954635962843895
0.1198650598526001
0.013351641595363617
0.2738147974014282
0.18535514175891876
0.012534311972558498
0.07973981648683548
0.019842660054564476
0.04293192923069
0.08743423968553543
0.027545342221856117
0.13411490619182587
0.04262645170092583
0.9206677079200745
0.009831235744059086
0.7545210719108582
0.0492415688931942
0.02623312920331955
0.8908915519714355
0.06135784089565277
0.8761906623840332
0.016467735171318054
0.8107602596282959
0.7396330833435059
0.5179049372673035
0.8450668454170227
0.007212954107671976
0.06241826340556145
0.04456831142306328
0.06895247846841812
0.018690861761569977
0.2509416341781616
0.013716940768063068
0.051377519965171814
0.1938515454530716
0.5455799698829651
0.9222049713134766
0.02515004388988018
0.020859263837337494
0.014952055178582668
0.8895919919013977
0.0283840149641037
0.0476459264755249
0.05916227400302887
0.22640366852283478
0.8926336169242859
0.8802895545959473
0.0392242856323719
0.7888229489326477
0.7846512794494629
0.5067885518074036
0.1724240779876709
0.2640291750431061
0.8289633393287659
0.1538858264684677
0.037246670573949814
0.010761869139969349
0.022245274856686592
0.009046993218362331
0.05396711453795433
0.03592910245060921
0.048379961401224136
0.013365786522626877
0.5431960225105286
0.38930544257164
0.018079711124300957
0.047929178923368454
0.8212599754333496
0.3296400308609009
0.05128846690058708
0.07754714041948318
0.49328747391700745
0.33027517795562744
0.3206384778022766
0.12157656997442245
0.007159041706472635
0.03786559775471687
0.15238049626350403
0.4557846784591675
0.7221047282218933
0.04116959497332573
0.02503415010869503
0.8745574951171875
0.08814140409231186
0.02909628488123417
0.13993233442306519
0.02035749889910221
0.18053632974624634
0.42070189118385315
0.587212860584259
0.05500943586230278
0.19722382724285126
0.05409230664372444
0.04922780767083168
0.3741320073604584
0.22717319428920746
0.6496941447257996
0.03962624445557594
0.010406606830656528
0.17613090574741364
0.6313235759735107
0.0751672312617302
0.10260191559791565
0.062452416867017746
0.025725198909640312
0.029395289719104767
0.022782152518630028
0.11540185660123825
0.024687672033905983
0.14165441691875458
0.21763962507247925
0.09388405084609985
0.08654717355966568
0.872302234172821
0.6301376223564148
0.6741840839385986
0.05956503376364708
0.0467817597091198
0.18070381879806519
0.02474132739007473
0.17367012798786163
0.01413655187934637
0.9866371154785156
0.9865172505378723
0.06409741193056107
0.017879417166113853
0.038212310522794724
0.026421593502163887
0.013668030500411987
0.130165234208107
0.032037049531936646
0.03461863845586777
0.05482672527432442
0.04470938816666603
0.2517596185207367
0.14177808165550232
0.04189954698085785
0.14176900684833527
0.19260907173156738
0.025966795161366463
0.059074848890304565
0.15176080167293549
0.17862842977046967
0.010308920405805111
0.1662268340587616
0.9921083450317383
0.9826459288597107
0.9891303181648254
0.08282864838838577
0.04420725628733635
0.5315355062484741
0.9881569743156433
0.9897727370262146
0.03073209710419178
0.018360693007707596
0.11920454353094101
0.7101631164550781
0.029614901170134544
0.011754808016121387
0.06229480728507042
0.01550894882529974
0.029537206515669823
0.019154854118824005
0.013766985386610031
0.0181729756295681
0.015618049539625645
0.7974103093147278
0.597393274307251
0.016549719497561455
0.016471168026328087
0.4623158872127533
0.016585087403655052
0.9123451709747314
0.92363041639328
0.08125775307416916
0.09923357516527176
0.0599590502679348
0.027200080454349518
0.04439336061477661
0.49321600794792175
0.6434222459793091
0.06683702021837234
0.1663915365934372
0.012641624547541142
0.031113112345337868
0.8965469002723694
0.9806904792785645
0.9784696698188782
0.9911883473396301
0.7718753814697266
0.2486634999513626
0.010809041559696198
0.08484065532684326
0.7819607853889465
0.9899888634681702
0.9904003739356995
0.9863958358764648
0.9810187816619873
0.03730170056223869
0.013592526316642761
0.8800804615020752
0.01334348227828741
0.030022144317626953
0.03486312925815582
0.9231757521629333
0.015296685509383678
0.016969876363873482
0.03811965510249138
0.0887596607208252
0.1848563402891159
0.03713562339544296
0.06065912917256355
0.0258902907371521
0.02433469332754612
0.8822149634361267
0.04447602853178978
0.8593981266021729
0.03541645035147667
0.9931027889251709
0.989220142364502
0.6243900656700134
0.873958170413971
0.20100782811641693
0.21903330087661743
0.20495109260082245
0.11622587591409683
0.05866256728768349
0.055587586015462875
0.05940012261271477
0.4025150239467621
0.8855484127998352
0.02349080890417099
0.21021920442581177
0.23928211629390717
0.024895349517464638
0.9910809397697449
0.026080943644046783
0.8470711708068848
0.40876099467277527
0.9827427864074707
0.7416248917579651
0.9948964715003967
0.9928321242332458
0.9915743470191956
0.9914536476135254
0.9248645901679993
0.6065852046012878
0.15417037904262543
0.777153730392456
0.028874656185507774
0.0983184278011322
0.8542189002037048
0.07553767412900925
0.05949399992823601
0.28596600890159607
0.04068706929683685
0.30039283633232117
0.038650792092084885
0.03448961302638054
0.025495653972029686
0.4578675329685211
0.03538314625620842
0.016038840636610985
0.1316371113061905
0.2070114016532898
0.22017179429531097
0.12637196481227875
0.07075340300798416
0.23841382563114166
0.03703651204705238
0.26342612504959106
0.22731882333755493
0.5084063410758972
0.02203010767698288
0.10511394590139389
0.02489696629345417
0.19229070842266083
0.4866304397583008
0.06000179424881935
0.08661138266324997
0.2889721691608429
0.07662162184715271
0.10269918292760849
0.07494115084409714
0.671848714351654
0.06509607285261154
0.05320329964160919
0.9793481230735779
0.9749786853790283
0.39119312167167664
0.030345464125275612
0.3028358817100525
0.12392514944076538
0.4066421091556549
0.021886469796299934
0.1541099101305008
0.7283229827880859
0.07031170278787613
0.04169009253382683
0.6008144021034241
0.38769567012786865
0.04607393220067024
0.031223108991980553
0.11672277003526688
0.10776320099830627
0.09021561592817307
0.1233576163649559
0.8935301303863525
0.7306115031242371
0.8111138939857483
0.05853009596467018
0.3244079649448395
0.16050074994564056
0.03736484423279762
0.06702280789613724
0.008134343661367893
0.011955097317695618
0.008067130111157894
0.026379873976111412
0.042333319783210754
0.06976418942213058
0.019711678847670555
0.14035992324352264
0.04694853350520134
0.3093075752258301
0.1776406317949295
0.07444223761558533
0.021019356325268745
0.018451865762472153
0.04707786813378334
0.1537335216999054
0.03967202827334404
0.02986551821231842
0.05220827832818031
0.09987708926200867
0.43472132086753845
0.016032809391617775
0.018416283652186394
0.15729393064975739
0.18780617415905
0.346989244222641
0.03992380574345589
0.11725675314664841
0.029981888830661774
0.14005766808986664
0.013770601712167263
0.009421050548553467
0.013401390053331852
0.12991516292095184
0.07706966996192932
0.5176835060119629
0.1310959905385971
0.8365974426269531
0.21415984630584717
0.2575824558734894
0.08449900150299072
0.7768530249595642
0.1802954077720642
0.5747854709625244
0.11350151151418686
0.86130690574646
0.09252312034368515
0.022235756739974022
0.2091243714094162
0.01673337258398533
0.014500739984214306
0.06297393888235092
0.23483175039291382
0.03234363719820976
0.2826716899871826
0.06016644835472107
0.23675499856472015
0.22458922863006592
0.06371251493692398
0.060662031173706055
0.02025672048330307
0.02601066417992115
0.010722021572291851
0.5431951284408569
0.9834414124488831
0.9837992191314697
0.6543386578559875
0.20145845413208008
0.009226505644619465
0.16624854505062103
0.07911486178636551
0.03527223691344261
0.024494774639606476
0.14107652008533478
0.1304914802312851
0.018662823364138603
0.5014865398406982
0.010211075656116009
0.019937260076403618
0.9382254481315613
0.072419174015522
0.018711334094405174
0.2415541410446167
0.15518994629383087
0.012229181826114655
0.02407599426805973
0.09598353505134583
0.1785670518875122
0.030627133324742317
0.3762017488479614
0.34993311762809753
0.08789337426424026
0.11782390624284744
0.1553725004196167
0.10607576370239258
0.057817984372377396
0.02519545890390873
0.6792517304420471
0.03384901210665703
0.07386146485805511
0.3454197645187378
0.01979360170662403
0.007828346453607082
0.06983475387096405
0.3449951112270355
0.09895376116037369
0.018985358998179436
0.37172365188598633
0.019574308767914772
0.014904285781085491
0.12636753916740417
0.11063259840011597
0.8666437268257141
0.0881694033741951
0.06922975927591324
0.032918449491262436
0.1184757724404335
0.11636746674776077
0.3558915853500366
0.014652791433036327
0.0409531332552433
0.328465074300766
0.014623064547777176
0.023588908836245537
0.01934022828936577
0.010165642015635967
0.4988952875137329
0.02980753220617771
0.07233230769634247
0.1370428055524826
0.18588577210903168
0.2176993489265442
0.02135784737765789
0.1855747252702713
0.017498226836323738
0.02303105592727661
0.035666100680828094
0.39132821559906006
0.05019688233733177
0.041618045419454575
0.04168234393000603
0.18497473001480103
0.27386474609375
0.052377086132764816
0.07653587311506271
0.1655522882938385
0.13029597699642181
0.25513410568237305
0.04118843004107475
0.35425758361816406
0.11076707392930984
0.5987157821655273
0.6733765602111816
0.038466792553663254
0.028705934062600136
0.06038103625178337
0.014190584421157837
0.007904157042503357
0.2919347882270813
0.048543188720941544
0.06046107038855553
0.5779270529747009
0.12326107174158096
0.05690722540020943
0.0886198878288269
0.1643637865781784
0.049642402678728104
0.1559130996465683
0.20915330946445465
0.06903312355279922
0.057623159140348434
0.9920413494110107
0.9874776005744934
0.9888713955879211
0.020883625373244286
0.01741410605609417
0.19770467281341553
0.8038521409034729
0.8675842881202698
0.12170488387346268
0.3533037006855011
0.31607019901275635
0.5867539048194885
0.7171083092689514
0.7769721150398254
0.10051325708627701
0.3730830252170563
0.9789236187934875
0.7908833026885986
0.02678726054728031
0.18379150331020355
0.023872219026088715
0.02335350401699543
0.08995416015386581
0.8192086815834045
0.7022314071655273
0.04601156339049339
0.1762775331735611
0.1514311283826828
0.028826313093304634
0.02145124413073063
0.0789017379283905
0.08590767532587051
0.026250964030623436
0.0750701054930687
0.37269818782806396
0.7589569687843323
0.13761328160762787
0.6341724991798401
0.03392145410180092
0.21564443409442902
0.07817500829696655
0.031874608248472214
0.24636434018611908
0.5889320969581604
0.014380617998540401
0.5185843110084534
0.1649397611618042
0.029893608763813972
0.9274411201477051
0.7379723191261292
0.3658570349216461
0.7638396620750427
0.10315219312906265
0.8143885731697083
0.9918275475502014
0.7017485499382019
0.011135399341583252
0.8529824614524841
0.13800698518753052
0.8606998324394226
0.5070741176605225
0.0627429261803627
0.059823766350746155
0.05788451433181763
0.03987021744251251
0.05222596600651741
0.0798335075378418
0.4267829656600952
0.1987524777650833
0.010636319406330585
0.09641081839799881
0.2817493975162506
0.0853990688920021
0.07709506154060364
0.12642960250377655
0.12587414681911469
0.23128844797611237
0.40348589420318604
0.49511638283729553
0.06637958437204361
0.7885511517524719
0.5492874979972839
0.029976440593600273
0.005874828901141882
0.7887614369392395
0.19849668443202972
0.34612441062927246
0.04187045991420746
0.35491323471069336
0.14473749697208405
0.6542093753814697
0.08091408759355545
0.11750292778015137
0.11367616802453995
0.22376710176467896
0.041660577058792114
0.01580379344522953
0.020614931359887123
0.10322613269090652
0.32019859552383423
0.47775503993034363
0.8881040215492249
0.016493258997797966
0.04146566241979599
0.06371341645717621
0.04080754518508911
0.04117125645279884
0.0913911759853363
0.02009018138051033
0.301426500082016
0.034981995820999146
0.9333707690238953
0.7162581086158752
0.642360270023346
0.8766684532165527
0.8604183793067932
0.6924755573272705
0.5989493727684021
0.05562327802181244
0.07049156725406647
0.9657207131385803
0.7894757390022278
0.7387652397155762
0.008672887459397316
0.16320252418518066
0.17517399787902832
0.03196369484066963
0.0317717008292675
0.029529476538300514
0.9181089401245117
0.060354799032211304
0.016277195885777473
0.9281806349754333
0.45336878299713135
0.8073800206184387
0.5966240763664246
0.02289232425391674
0.11573570966720581
0.10644418001174927
0.20306181907653809
0.022987350821495056
0.737832248210907
0.061079900711774826
0.1594247817993164
0.22184891998767853
0.8350070118904114
0.9003713726997375
0.12855379283428192
0.09458797425031662
0.5587138533592224
0.15507221221923828
0.07340093702077866
0.1603846549987793
0.25352537631988525
0.048985134810209274
0.19078634679317474
0.012613683007657528
0.43024542927742004
0.04070231691002846
0.1821446418762207
0.805204451084137
0.05161918327212334
0.01582310162484646
0.7493245005607605
0.13559015095233917
0.22578947246074677
0.5430513024330139
0.21151204407215118
0.6024009585380554
0.0457611046731472
0.08312780410051346
0.9467777609825134
0.054083049297332764
0.0474400669336319
0.16856665909290314
0.05885106697678566
0.31063440442085266
0.07578103989362717
0.08153991401195526
0.25455883145332336
0.02970845066010952
0.07861500233411789
0.17202913761138916
0.22572444379329681
0.0885830894112587
0.24757616221904755
0.2389063686132431
0.0179667416960001
0.10404917597770691
0.07268545776605606
0.10898610204458237
0.013527181930840015
0.01828804798424244
0.0718684196472168
0.158475860953331
0.09417414665222168
0.037442397326231
0.016089117154479027
0.01922563463449478
0.08484939485788345
0.04643258452415466
0.11958932876586914
0.021601947024464607
0.1947522908449173
0.04681515321135521
0.31814226508140564
0.9872483611106873
0.042816370725631714
0.10376913100481033
0.12517665326595306
0.02462507225573063
0.0388198159635067
0.011186569929122925
0.20305879414081573
0.36640119552612305
0.06636563688516617
0.7650659084320068
0.06358297914266586
0.0339650996029377
0.015305870212614536
0.2285497635602951
0.06164193153381348
0.4835386574268341
0.13372835516929626
0.40111634135246277
0.7494914531707764
0.056671664118766785
0.11278700083494186
0.08902876824140549
0.030609510838985443
0.030820563435554504
0.09487369656562805
0.12675277888774872
0.12685514986515045
0.01936989091336727
0.12327896803617477
0.13648033142089844
0.7988398671150208
0.08792314678430557
0.04746295139193535
0.1498468965291977
0.012553603388369083
0.5629268288612366
0.48448872566223145
0.04308852553367615
0.14212410151958466
0.15928728878498077
0.01707567274570465
0.16363437473773956
0.013135246932506561
0.06726929545402527
0.028620518743991852
0.010619857348501682
0.015273273922502995
0.12325600534677505
0.02992548793554306
0.07404495030641556
0.01842615194618702
0.009907028637826443
0.31542572379112244
0.2956219017505646
0.3650059401988983
0.11641156673431396
0.21064358949661255
0.5719308257102966
0.11271830648183823
0.017233969643712044
0.48094430565834045
0.03306344896554947
0.08203905075788498
0.03205564618110657
0.06498071551322937
0.1120893657207489
0.08661022037267685
0.07354540377855301
0.31760135293006897
0.17435461282730103
0.19008587300777435
0.23469682037830353
0.9438705444335938
0.02599962241947651
0.12126520276069641
0.023317130282521248
0.1683366894721985
0.011948210187256336
0.021243169903755188
0.017107559368014336
0.018955668434500694
0.02023005299270153
0.020981110632419586
0.5282054543495178
0.020261093974113464
0.044150352478027344
0.05382269620895386
0.016214877367019653
0.40933236479759216
0.023464709520339966
0.03657083213329315
0.24488671123981476
0.07785698026418686
0.43231797218322754
0.2552284896373749
0.030987799167633057
0.12891392409801483
0.03913239762187004
0.23590774834156036
0.02068503014743328
0.09217286109924316
0.050124239176511765
0.14797624945640564
0.6930575966835022
0.611377477645874
0.06519004702568054
0.11590322852134705
0.06511863321065903
0.20276705920696259
0.30540987849235535
0.038844723254442215
0.425992488861084
0.07607962936162949
0.07585131376981735
0.02865307219326496
0.5365932583808899
0.01863105781376362
0.12764699757099152
0.0411081463098526
0.10353219509124756
0.1537085324525833
0.013348407112061977
0.1271030604839325
0.25058797001838684
0.14639368653297424
0.010490230284631252
0.13518081605434418
0.14889170229434967
0.3569287955760956
0.22450189292430878
0.008743123151361942
0.050755757838487625
0.022407768294215202
0.010015926323831081
0.11280619353055954
0.015287205576896667
0.5641961097717285
0.13835568726062775
0.0878014862537384
0.10719113796949387
0.1954052448272705
0.26267340779304504
0.17915916442871094
0.04352099820971489
0.044383320957422256
0.06835255771875381
0.26259127259254456
0.01657138764858246
0.9078614115715027
0.0670945793390274
0.033715274184942245
0.23264306783676147
0.38968467712402344
0.08450887352228165
0.1438906341791153
0.02000817097723484
0.18068277835845947
0.05008019134402275
0.02535916306078434
0.020363714545965195
0.028619324788451195
0.018875017762184143
0.028438696637749672
0.01997835747897625
0.2086951583623886
0.09518671780824661
0.0916939303278923
0.006907177623361349
0.04345982149243355
0.014492928981781006
0.008343302644789219
0.024639463052153587
0.2059793919324875
0.8985725045204163
0.11107397824525833
0.011715169996023178
0.25386831164360046
0.09987277537584305
0.3961840569972992
0.10743596404790878
0.38025030493736267
0.13803954422473907
0.10596226900815964
0.1340930312871933
0.32839369773864746
0.0705626979470253
0.0576917827129364
0.03942195326089859
0.023211592808365822
0.01022240798920393
0.235067680478096
0.05407107248902321
0.06509705632925034
0.6477749347686768
0.6895574927330017
0.06498401612043381
0.08503688126802444
0.29320284724235535
0.28569266200065613
0.07421917468309402
0.02367548830807209
0.03681560233235359
0.02680700086057186
0.6092233061790466
0.965022623538971
0.09235028177499771
0.02950294502079487
0.23379631340503693
0.13756342232227325
0.12742440402507782
0.07056627422571182
0.07107694447040558
0.3374732434749603
0.36653804779052734
0.2531241476535797
0.22848938405513763
0.5921805500984192
0.05138610675930977
0.05702510476112366
0.22974948585033417
0.04651271179318428
0.23915719985961914
0.039979249238967896
0.08157075941562653
0.3905344307422638
0.2298213690519333
0.11306684464216232
0.02946563810110092
0.11141255497932434
0.05034743249416351
0.11093126982450485
0.1780136376619339
0.11156556010246277
0.643214225769043
0.043361347168684006
0.029737940058112144
0.0846741795539856
0.1424759179353714
0.38221704959869385
0.1148366928100586
0.09067065268754959
0.02998623438179493
0.128110870718956
0.10992378741502762
0.026280691847205162
0.08798091858625412
0.29023435711860657
0.3122316300868988
0.08443322777748108
0.20446769893169403
0.07951156795024872
0.16505327820777893
0.0592118501663208
0.023160286247730255
0.012391841970384121
0.018282925710082054
0.022598357871174812
0.18320989608764648
0.1071944460272789
0.02143324911594391
0.03507773205637932
0.07807184010744095
0.06996389478445053
0.16615404188632965
0.03891328349709511
0.018263066187500954
0.023116348311305046
0.019488686695694923
0.021425768733024597
0.07389245182275772
0.13500283658504486
0.014735969714820385
0.21463394165039062
0.3156716525554657
0.0046632117591798306
0.010834011249244213
0.10830441862344742
0.044583749026060104
0.03749528154730797
0.03524843603372574
0.02058962546288967
0.05916890874505043
0.01866406388580799
0.13292084634304047
0.11346661299467087
0.1917601078748703
0.39355960488319397
0.6621067523956299
0.06693973392248154
0.03081793338060379
0.18891970813274384
0.08800739794969559
0.0931728407740593
0.011763175018131733
0.07191246747970581
0.14809411764144897
0.20047426223754883
0.036582041531801224
0.10810091346502304
0.15190228819847107
0.1087060272693634
0.04124388471245766
0.039984673261642456
0.2652946412563324
0.5621725916862488
0.13511598110198975
0.6010139584541321
0.08024482429027557
0.01377291139215231
0.15282078087329865
0.04352690652012825
0.12297610193490982
0.4952704906463623
0.1581188589334488
0.5594820380210876
0.22961926460266113
0.027807122096419334
0.1580333262681961
0.02826867811381817
0.14967119693756104
0.016882477328181267
0.07422280311584473
0.09396041184663773
0.045199546962976456
0.06980695575475693
0.33720144629478455
0.017817119136452675
0.5358037352561951
0.09417908638715744
0.038177333772182465
0.012355969287455082
0.14930997788906097
0.2886973023414612
0.0787956640124321
0.04111376032233238
0.23208855092525482
0.03624588996171951
0.035594642162323
0.1212039589881897
0.033212810754776
0.017194556072354317
0.127075657248497
0.05363745987415314
0.12287374585866928
0.006253933068364859
0.04035734012722969
0.060321468859910965
0.007645708974450827
0.04364567995071411
0.020280485972762108
0.028626499697566032
0.07218914479017258
0.022059442475438118
0.055240679532289505
0.04395463690161705
0.06183803454041481
0.014959868974983692
0.34690746665000916
0.00978148728609085
0.051286786794662476
0.10695729404687881
0.0791834369301796
0.29419976472854614
0.016141341999173164
0.040419887751340866
0.028173161670565605
0.0754777044057846
0.06964095681905746
0.05085580050945282
0.1048336923122406
0.11395809799432755
0.19609053432941437
0.16840152442455292
0.011670387350022793
0.03218085691332817
0.0642520934343338
0.03574536368250847
0.04376223683357239
0.04415908455848694
0.031717900186777115
0.03194955363869667
0.1644507497549057
0.6093942523002625
0.07406501471996307
0.013330195099115372
0.24421024322509766
0.011097230017185211
0.09401834011077881
0.19841009378433228
0.04026810824871063
0.024207880720496178
0.019723979756236076
0.01734026148915291
0.10700971633195877
0.09294848889112473
0.018977919593453407
0.10749774426221848
0.028768746182322502
0.026823394000530243
0.015251252800226212
0.021454662084579468
0.031189925968647003
0.07472166419029236
0.09885546565055847
0.026421917602419853
0.0506599098443985
0.026070216670632362
0.014359737746417522
0.030107485130429268
0.3946880102157593
0.03419351205229759
0.10621314495801926
0.06386617571115494
0.010020573623478413
0.12718968093395233
0.026835814118385315
0.24802766740322113
0.281541645526886
0.07289689034223557
0.13837411999702454
0.18922890722751617
0.01531135942786932
0.06476873904466629
0.07799474149942398
0.01591522991657257
0.014009922742843628
0.021740136668086052
0.03952217102050781
0.11753631383180618
0.3373984396457672
0.0149527071043849
0.014604959636926651
0.016127964481711388
0.04623570665717125
0.10084456950426102
0.08791781216859818
0.012207203544676304
0.007303239312022924
0.030467642471194267
0.20692986249923706
0.10756174474954605
0.18179607391357422
0.012693475931882858
0.24415163695812225
0.022256894037127495
0.02582544833421707
0.12393628805875778
0.16843295097351074
0.11391066759824753
0.7229171395301819
0.03185531869530678
0.32028117775917053
0.011852026917040348
0.06043781712651253
0.49964573979377747
0.26674485206604004
0.07328750938177109
0.07024414837360382
0.37734857201576233
0.075587198138237
0.060790181159973145
0.06005799397826195
0.2500872015953064
0.5885912179946899
0.4966915547847748
0.007877123542129993
0.10017824172973633
0.11761817336082458
0.030469471588730812
0.2293088287115097
0.032327357679605484
0.05996979400515556
0.12934930622577667
0.19249196350574493
0.2096753865480423
0.009963558986783028
0.6185367703437805
0.02881673164665699
0.08114933967590332
0.09801217913627625
0.032022591680288315
0.1771828532218933
0.033937718719244
0.3330762982368469
0.15551629662513733
0.04878924787044525
0.16357611119747162
0.0228883046656847
0.020821476355195045
0.22675390541553497
0.1679343581199646
0.3973715305328369
0.2365054488182068
0.022647351026535034
0.013985794968903065
0.06339775770902634
0.023307479918003082
0.38816699385643005
0.08322159200906754
0.028823085129261017
0.03054977022111416
0.03185185045003891
0.02532247267663479
0.18552489578723907
0.03272254392504692
0.06053243950009346
0.10391760617494583
0.0753144845366478
0.007183170411735773
0.1017967090010643
0.1139417365193367
0.19198916852474213
0.038799334317445755
0.07789594680070877
0.10925021767616272
0.23027443885803223
0.04886055365204811
0.13361138105392456
0.10520180314779282
0.08322454988956451
0.012009716592729092
0.04247200861573219
0.012710976414382458
0.014945781789720058
0.22457003593444824
0.04007844626903534
0.041138965636491776
0.10649353265762329
0.010298543609678745
0.034663476049900055
0.012896747328341007
0.010111270472407341
0.05168488994240761
0.20604246854782104
0.1086234450340271
0.12684659659862518
0.028991686180233955
0.42136311531066895
0.030507704243063927
0.3245214521884918
0.07648248225450516
0.013890694826841354
0.02218230627477169
0.03903255984187126
0.06187908723950386
0.1994735449552536
0.022434987127780914
0.10183874517679214
0.015544743277132511
0.030574897304177284
0.07131073623895645
0.07277963310480118
0.046330925077199936
0.11580139398574829
0.3024712800979614
0.018247615545988083
0.04252218082547188
0.02397369034588337
0.3024843633174896
0.3563061058521271
0.4470743238925934
0.08426932245492935
0.19270247220993042
0.0661030262708664
0.006484393496066332
0.10742378979921341
0.07262274622917175
0.3556079864501953
0.11868244409561157
0.12927411496639252
0.0480094850063324
0.08160107582807541
0.08480482548475266
0.05597059056162834
0.02218647487461567
0.08745329827070236
0.13244430720806122
0.0393732525408268
0.01980145089328289
0.02072594128549099
0.5812696814537048
0.10442385822534561
0.0218424741178751
0.015845617279410362
0.24939216673374176
0.04471595957875252
0.08000468462705612
0.03047703206539154
0.0719948559999466
0.1436024308204651
0.07729574292898178
0.011853768490254879
0.010866634547710419
0.018404191359877586
0.019236581400036812
0.021250171586871147
0.049708884209394455
0.02799394726753235
0.008373298682272434
0.013517272658646107
0.034341566264629364
0.04135972261428833
0.05495290085673332
0.4222317636013031
0.02245606668293476
0.032619111239910126
0.04649743810296059
0.038093965500593185
0.08622706681489944
0.14222551882266998
0.011560033075511456
0.1555635929107666
0.015739286318421364
0.012861278839409351
0.021610388532280922
0.24362528324127197
0.5004817247390747
0.05716835334897041
0.09841319918632507
0.02268260158598423
0.08613096922636032
0.09920717030763626
0.43756401538848877
0.2753177583217621
0.08743893355131149
0.23337513208389282
0.528025209903717
0.03618578240275383
0.12371661514043808
0.22311826050281525
0.014257046394050121
0.232264444231987
0.14855174720287323
0.05024683475494385
0.014956328086555004
0.046365704387426376
0.06611671298742294
0.016509240493178368
0.03611943498253822
0.07739979028701782
0.019987255334854126
0.5616139769554138
0.2059611678123474
0.015141267329454422
0.06547059118747711
0.3833942115306854
0.11378514766693115
0.051753297448158264
0.023652641102671623
0.2544875144958496
0.26823320984840393
0.3960193395614624
0.33096495270729065
0.03290488198399544
0.5569021105766296
0.20569801330566406
0.5716250538825989
0.5117431879043579
0.029595637694001198
0.23463813960552216
0.08119664341211319
0.6453001499176025
0.062278393656015396
0.046137720346450806
0.023692967370152473
0.05166567489504814
0.09406956285238266
0.016878068447113037
0.022488990798592567
0.19248080253601074
0.17507381737232208
0.154262512922287
0.08381382375955582
0.42184340953826904
0.5739988684654236
0.019589224830269814
0.020137140527367592
0.020730501040816307
0.11426693946123123
0.13111858069896698
0.1557275801897049
0.08490299433469772
0.01983504369854927
0.09962575882673264
0.20874442160129547
0.19558465480804443
0.08139825612306595
0.15911199152469635
0.1364666372537613
0.06542380899190903
0.63666832447052
0.6244956851005554
0.015272588469088078
0.19800245761871338
0.19958257675170898
0.02359653078019619
0.31987643241882324
0.6682155132293701
0.07842104136943817
0.04237467423081398
0.11383809894323349
0.13659505546092987
0.06492546945810318
0.2312593013048172
0.1053900197148323
0.04383167624473572
0.07472141832113266
0.02473246119916439
0.03235432133078575
0.03155731409788132
0.014450537972152233
0.02390158362686634
0.021037964150309563
0.16003552079200745
0.08913598209619522
0.05112152174115181
0.017262283712625504
0.08924832940101624
0.024084411561489105
0.03611895069479942
0.07193269580602646
0.06898731738328934
0.023554354906082153
0.3234131634235382
0.07717627286911011
0.02763640321791172
0.03344975784420967
0.10181770473718643
0.07635505497455597
0.517254650592804
0.025666849687695503
0.015305393375456333
0.010866482742130756
0.029842620715498924
0.4548126757144928
0.02771320939064026
0.08585568517446518
0.008299052715301514
0.00786331482231617
0.04614989459514618
0.023848362267017365
0.11455226689577103
0.025910502299666405
0.05807866156101227
0.07114695012569427
0.03507605567574501
0.3567122220993042
0.038368627429008484
0.02240573801100254
0.16447781026363373
0.01948557235300541
0.04316159710288048
0.028342358767986298
0.31517091393470764
0.04786970093846321
0.1389205902814865
0.07456835359334946
0.01647396944463253
0.08092714101076126
0.021290957927703857
0.03243614360690117
0.11819478124380112
0.031021565198898315
0.01589158922433853
0.44908225536346436
0.04328366741538048
0.04846452176570892
0.05784277990460396
0.1554044634103775
0.4219388961791992
0.1048111617565155
0.02737461030483246
0.13121293485164642
0.09814289957284927
0.014950237236917019
0.09914209693670273
0.04799923300743103
0.06294342130422592
0.022975413128733635
0.09568940848112106
0.023449791595339775
0.04530000686645508
0.01785878650844097
0.1115415021777153
0.07172601670026779
0.16006846725940704
0.02269626222550869
0.02334992028772831
0.011274254880845547
0.10998386144638062
0.019370852038264275
0.06342604756355286
0.24017292261123657
0.10934484750032425
0.07648583501577377
0.08676373958587646
0.09849091619253159
0.010256900452077389
0.04508069157600403
0.017777206376194954
0.02110784687101841
0.02623029612004757
0.027130993083119392
0.027217188850045204
0.02963603287935257
0.07788905501365662
0.0682646855711937
0.0779232457280159
0.035856764763593674
0.04212473705410957
0.07243895530700684
0.0855889618396759
0.021461956202983856
0.038153041154146194
0.08568418025970459
0.1790124773979187
0.12286790460348129
0.09183251857757568
0.013510878197848797
0.1674773097038269
0.10769271105527878
0.04717767611145973
0.061450544744729996
0.03391275927424431
0.07622731477022171
0.05321125686168671
0.049042198807001114
0.10733094066381454
0.005369313061237335
0.00942156184464693
0.09084700793027878
0.04545925185084343
0.046201545745134354
0.09350902587175369
0.04584737494587898
0.039453569799661636
0.03441761061549187
0.3140762150287628
0.18547426164150238
0.35675176978111267
0.17732052505016327
0.03092479705810547
0.03516410291194916
0.013813578523695469
0.2698014974594116
0.07456158846616745
0.06901609897613525
0.0664597749710083
0.2049737423658371
0.26454785466194153
0.08520293235778809
0.4228835105895996
0.06070255860686302
0.04500608146190643
0.02502024732530117
0.014811155386269093
0.1595826894044876
0.03442371264100075
0.06977137178182602
0.4393376410007477
0.14636078476905823
0.5371963977813721
0.07980763167142868
0.0319414846599102
0.3609640896320343
0.01584521122276783
0.07499184459447861
0.06319361180067062
0.015084574930369854
0.06007033959031105
0.032086897641420364
0.1429339051246643
0.12971867620944977
0.020786607638001442
0.044516127556562424
0.05359620973467827
0.10553186386823654
0.3638259470462799
0.02775821089744568
0.024300212040543556
0.019210277125239372
0.2593401372432709
0.02601478062570095
0.06731399148702621
0.26823127269744873
0.06771428138017654
0.04817456379532814
0.11529398709535599
0.04140837490558624
0.039610836654901505
0.06599579751491547
0.07910992950201035
0.3923693895339966
0.16391286253929138
0.33823323249816895
0.4051128923892975
0.02500283718109131
0.10653278976678848
0.12746568024158478
0.15518853068351746
0.0688067227602005
0.17628948390483856
0.06561508029699326
0.10092685371637344
0.03552117943763733
0.028467826545238495
0.0317390151321888
0.18668611347675323
0.10445985198020935
0.1734936237335205
0.029573390260338783
0.16889691352844238
0.05921359732747078
0.18997429311275482
0.019560301676392555
0.031822264194488525
0.1690518856048584
0.12391094118356705
0.32918447256088257
0.5070728659629822
0.2309420108795166
0.021407848224043846
0.035770855844020844
0.008473530411720276
0.035143811255693436
0.20195387303829193
0.011298898607492447
0.11881033331155777
0.008007746189832687
0.061912745237350464
0.05312350019812584
0.04305540397763252
0.04706462845206261
0.0857553482055664
0.10310468077659607
0.061178311705589294
0.16213931143283844
0.1436755210161209
0.015837984159588814
0.03154323995113373
0.019530173391103745
0.028809743002057076
0.06837449222803116
0.10581744462251663
0.09923886507749557
0.1307322084903717
0.05614298954606056
0.047669667750597
0.1389419436454773
0.043628841638565063
0.024636588990688324
0.15969185531139374
0.10393813252449036
0.018850941210985184
0.01657366193830967
0.01954531855881214
0.07611469179391861
0.05605289340019226
0.014603894203901291
0.051050107926130295
0.10748038440942764
0.03456210717558861
0.12013896554708481
0.027060793712735176
0.014357016421854496
0.15570980310440063
0.041892457753419876
0.08849512785673141
0.036434199661016464
0.013030332513153553
0.03756643459200859
0.03537297248840332
0.019149987027049065
0.3246484100818634
0.019113747403025627
0.02000080980360508
0.01017810683697462
0.03803228959441185
0.05579456686973572
0.23843170702457428
0.14406587183475494
0.044721875339746475
0.06749965995550156
0.10366471856832504
0.14727497100830078
0.3097926080226898
0.24462004005908966
0.018286824226379395
0.06893854588270187
0.03470415994524956
0.07388629764318466
0.36262574791908264
0.062065452337265015
0.007882999256253242
0.06221950426697731
0.041968658566474915
0.031473007053136826
0.45049384236335754
0.05147143080830574
0.21121813356876373
0.24788935482501984
0.2072187215089798
0.03231563791632652
0.10999169945716858
0.059914883226156235
0.06310076266527176
0.0898091197013855
0.03629219904541969
0.12517936527729034
0.04111384227871895
0.03197341039776802
0.04136276990175247
0.04803568497300148
0.12296327203512192
0.0795859843492508
0.16190357506275177
0.04466060921549797
0.01525000762194395
0.09286730736494064
0.01371756661683321
0.9572363495826721
0.3473028242588043
0.0416499488055706
0.017859090119600296
0.17332077026367188
0.06898627430200577
0.07100152969360352
0.019095946103334427
0.09937789291143417
0.18161998689174652
0.091366708278656
0.008530394174158573
0.010602873750030994
0.07687658816576004
0.047099366784095764
0.03240974247455597
0.051899030804634094
0.20708470046520233
0.03912520781159401
0.053852614015340805
0.022408699616789818
0.012136232107877731
0.04017797112464905
0.0771976038813591
0.007207023445516825
0.03604571893811226
0.016692208126187325
0.025284195318818092
0.0745687335729599
0.054739758372306824
0.17343592643737793
0.03206221014261246
0.12493617087602615
0.02959323674440384
0.008650179021060467
0.1127069965004921
0.09434225410223007
0.22087819874286652
0.024449065327644348
0.021726027131080627
0.03486000373959541
0.30323174595832825
0.02582537941634655
0.05401476100087166
0.13509900867938995
0.06824921071529388
0.017894869670271873
0.025414831936359406
0.008995682932436466
0.02271289937198162
0.019708897918462753
0.3164921700954437
0.03501249477267265
0.11292063444852829
0.10016185790300369
0.04532191529870033
0.021795274689793587
0.1520094871520996
0.4657852351665497
0.043428223580121994
0.010335799306631088
0.053783122450113297
0.010853285901248455
0.02649226039648056
0.026269910857081413
0.077606700360775
0.14263252913951874
0.23107212781906128
0.05907956138253212
0.019165657460689545
0.13228851556777954
0.060184821486473083
0.4616309702396393
0.11800535768270493
0.14950428903102875
0.021074391901493073
0.06726299226284027
0.17355412244796753
0.12578929960727692
0.08246759325265884
0.08934629708528519
0.07927879691123962
0.09237664192914963
0.017768004909157753
0.02722809463739395
0.07692807912826538
0.03078872710466385
0.0391789972782135
0.9080587029457092
0.013990852050483227
0.015392668545246124
0.18943196535110474
0.05044974386692047
0.044050876051187515
0.027832940220832825
0.07048901170492172
0.051739100366830826
0.0469495914876461
0.05512659624218941
0.014286004938185215
0.009587995707988739
0.5348215103149414
0.027247672900557518
0.02379143238067627
0.05515557900071144
0.06886598467826843
0.007933462038636208
0.03548924997448921
0.09764227271080017
0.007614490110427141
0.01834612525999546
0.04010101780295372
0.0409577377140522
0.03480789437890053
0.023349465802311897
0.1475587636232376
0.03402477130293846
0.01444888487458229
0.11302829533815384
0.15360127389431
0.012350966222584248
0.012173398397862911
0.025991054251790047
0.17540764808654785
0.021977446973323822
0.05655333772301674
0.09637930989265442
0.08456005901098251
0.4073302447795868
0.006623122375458479
0.026051096618175507
0.11919894069433212
0.05001995339989662
0.022350654006004333
0.10443016141653061
0.06389588862657547
0.06734911352396011
0.025534391403198242
0.055779531598091125
0.10232460498809814
0.10996866971254349
0.22865064442157745
0.14612825214862823
0.043874625116586685
0.03127356991171837
0.12735722959041595
0.03857380524277687
0.06398749351501465
0.042520035058259964
0.03303417190909386
0.01813075877726078
0.02026280201971531
0.012007697485387325
0.02027650736272335
0.06655903905630112
0.0284131933003664
0.15974034368991852
0.26458609104156494
0.12199833989143372
0.02154300920665264
0.08219852298498154
0.03266094624996185
0.02203303761780262
0.013094089925289154
0.025403616949915886
0.033543575555086136
0.09326145052909851
0.009693670086562634
0.15614238381385803
0.045396920293569565
0.04597355052828789
0.009970148093998432
0.3608269691467285
0.009187269024550915
0.0558805875480175
0.08569592982530594
0.06139175593852997
0.0646059438586235
0.06078331544995308
0.061128322035074234
0.028164224699139595
0.4689129590988159
0.07599999755620956
0.013454652391374111
0.3180932104587555
0.0474526584148407
0.14972825348377228
0.05290740355849266
0.26417872309684753
0.10632896423339844
0.3632044792175293
0.02702852338552475
0.03865708410739899
0.07377223670482635
0.028003184124827385
0.33223992586135864
0.012951738201081753
0.07509525865316391
0.007654248271137476
0.02317913807928562
0.00896118301898241
0.02660760097205639
0.023104077205061913
0.016260294243693352
0.09729883819818497
0.03225076198577881
0.0384732149541378
0.08373311161994934
0.12085545063018799
0.06846896559000015
0.03741934522986412
0.029785623773932457
0.15977351367473602
0.07753729820251465
0.020024213939905167
0.03448859602212906
0.19271992146968842
0.2783358693122864
0.02548185922205448
0.047839853912591934
0.8073582649230957
0.153090238571167
0.11656484752893448
0.10469424724578857
0.22090893983840942
0.25768131017684937
0.11170002073049545
0.022142179310321808
0.36909353733062744
0.04496510326862335
0.013888933695852757
0.029885565862059593
0.010428854264318943
0.5435556769371033
0.016074521467089653
0.0677715614438057
0.12802359461784363
0.061924636363983154
0.08750584721565247
0.01713281311094761
0.15878212451934814
0.277450293302536
0.04743681848049164
0.024067698046565056
0.12862829864025116
0.02610417641699314
0.08088593930006027
0.021147141233086586
0.03051716834306717
0.026577366515994072
0.22573716938495636
0.13071610033512115
0.01864532195031643
0.029645157977938652
0.07514254003763199
0.13961730897426605
0.11356272548437119
0.1573583334684372
0.14392873644828796
0.015667235478758812
0.01771232858300209
0.026906192302703857
0.05447732284665108
0.025570543482899666
0.045123159885406494
0.02758791297674179
0.04393986985087395
0.034559134393930435
0.02987831085920334
0.030768530443310738
0.07179084420204163
0.052928049117326736
0.25203636288642883
0.03514862060546875
0.014412554912269115
0.04320994019508362
0.0891629233956337
0.3711579740047455
0.07328728586435318
0.08439368009567261
0.29195719957351685
0.022437995299696922
0.011432125233113766
0.14367060363292694
0.00818230863660574
0.03758329898118973
0.02188217081129551
0.08139853924512863
0.04529934003949165
0.022408878430724144
0.07106576859951019
0.07983693480491638
0.07531138509511948
0.01665574498474598
0.028262866660952568
0.7832307815551758
0.017991552129387856
0.0709487572312355
0.02531556971371174
0.37054407596588135
0.3594646453857422
0.2757627069950104
0.047183651477098465
0.0936884805560112
0.04593384265899658
0.05111256241798401
0.017425721511244774
0.01671469397842884
0.4419277012348175
0.039217960089445114
0.1292993426322937
0.24674861133098602
0.16673095524311066
0.02401069365441799
0.13133755326271057
0.15156696736812592
0.01983731985092163
0.05742167308926582
0.019645480439066887
0.010412232019007206
0.11470969766378403
0.1298232525587082
0.0066214087419211864
0.06203828752040863
0.21998171508312225
0.17408670485019684
0.05394214391708374
0.03610100969672203
0.07296089828014374
0.026572370901703835
0.22465962171554565
0.14487580955028534
0.027537062764167786
0.1441226750612259
0.03757529333233833
0.07921335101127625
0.024178721010684967
0.01183116901665926
0.1397271603345871
0.030911460518836975
0.05977479740977287
0.05910184606909752
0.05311429500579834
0.33455657958984375
0.01875578984618187
0.2153698205947876
0.04082240164279938
0.056932926177978516
0.10918322205543518
0.1666688472032547
0.14290422201156616
0.10104963183403015
0.023892996832728386
0.03903941810131073
0.010486151091754436
0.0709981694817543
0.12671345472335815
0.14238770306110382
0.04759632423520088
0.023956799879670143
0.06143374368548393
0.015740063041448593
0.04426989331841469
0.39131197333335876
0.025996193289756775
0.1590782105922699
0.1152501106262207
0.32341206073760986
0.06358278542757034
0.0438375324010849
0.012309156358242035
0.045783791691064835
0.29513615369796753
0.2594354450702667
0.035636741667985916
0.23730720579624176
0.2690925896167755
0.03147309646010399
0.009107601828873158
0.09088205546140671
0.04827416315674782
0.05625230073928833
0.4544747769832611
0.03975022956728935
0.015721896663308144
0.026856601238250732
0.05850891396403313
0.26814398169517517
0.03455965220928192
0.08794676512479782
0.024703584611415863
0.011166681535542011
0.03391752764582634
0.05368770286440849
0.17438489198684692
0.07898090034723282
0.0796470120549202
0.0930623784661293
0.027122825384140015
0.012094349600374699
0.008633014746010303
0.06692943722009659
0.015333636663854122
0.014966766349971294
0.11020839959383011
0.016768628731369972
0.011285308748483658
0.03585067391395569
0.034641917794942856
0.016824254766106606
0.12296032160520554
0.015139363706111908
0.02213682048022747
0.019761761650443077
0.04645833745598793
0.05624484643340111
0.03333672508597374
0.020386403426527977
0.0678858831524849
0.15474164485931396
0.5428145527839661
0.04380406066775322
0.04136781394481659
0.2078871876001358
0.09437066316604614
0.05820624530315399
0.05689810588955879
0.014565817080438137
0.06813878566026688
0.4098705053329468
0.06492035835981369
0.23348726332187653
0.1253625899553299
0.7504885196685791
0.01854608952999115
0.16945241391658783
0.08143939822912216
0.12179528921842575
0.09807654470205307
0.36529168486595154
0.20099695026874542
0.16115137934684753
0.07337772101163864
0.09302154928445816
0.14313338696956635
0.02719920687377453
0.14253871142864227
0.03490220755338669
0.11079603433609009
0.13507278263568878
0.03235694393515587
0.02050822041928768
0.11735565215349197
0.019457444548606873
0.03448604419827461
0.055969689041376114
0.10592017322778702
0.3656982183456421
0.1702144593000412
0.05205265060067177
0.3758982717990875
0.28602829575538635
0.1475323885679245
0.16043905913829803
0.07529576122760773
0.023807330057024956
0.11890072375535965
0.3836870491504669
0.28693753480911255
0.006272554397583008
0.3447631895542145
0.10288920253515244
0.032251276075839996
0.07698100060224533
0.04318441450595856
0.02124667353928089
0.038474299013614655
0.017738772556185722
0.01949167437851429
0.09352651983499527
0.023764580488204956
0.016700612381100655
0.204581618309021
0.5743833184242249
0.3017745316028595
0.02506307326257229
0.013491399586200714
0.026471741497516632
0.1444566696882248
0.4669227600097656
0.884822428226471
0.24499332904815674
0.17372900247573853
0.016902625560760498
0.08890797942876816
0.014613036997616291
0.1404731273651123
0.06913823634386063
0.04649078845977783
0.06094833090901375
0.24962995946407318
0.711841881275177
0.8698413372039795
0.6032853722572327
0.7026323676109314
0.9191953539848328
0.8840075135231018
0.5335071086883545
0.8292097449302673
0.8309907913208008
0.7990317344665527
0.881427526473999
0.37721899151802063
0.30438461899757385
0.43116292357444763
0.1914256066083908
0.1766926497220993
0.9358222484588623
0.8990568518638611
0.5129797458648682
0.3045289218425751
0.2212507277727127
0.8071075081825256
0.6884455680847168
0.697101891040802
0.9189991354942322
0.048417747020721436
0.21817302703857422
0.058506134897470474
0.7619456648826599
0.7472152709960938
0.11098114401102066
0.9870278239250183
0.9926114082336426
0.9932494163513184
0.03354588896036148
0.12198636680841446
0.6311302781105042
0.18879945576190948
0.9294974207878113
0.8426610827445984
0.9926586747169495
0.13538944721221924
0.11945313960313797
0.9814069867134094
0.9769889712333679
0.7659778594970703
0.8874529004096985
0.8108189702033997
0.7832258343696594
0.638343870639801
0.2611972391605377
0.8514249324798584
0.7076987624168396
0.9731746315956116
0.9203658699989319
0.4165644645690918
0.9211156964302063
0.9905507564544678
0.21003009378910065
0.21745367348194122
0.39237961173057556
0.24872852861881256
0.1609286218881607
0.6373664736747742
0.9142770171165466
0.7129666805267334
0.008842418901622295
0.0447772853076458
0.1586376279592514
0.6210359334945679
0.9586732983589172
0.9401071071624756
0.5219323635101318
0.9068557620048523
0.5241500735282898
0.29208216071128845
0.9299595952033997
0.8652532696723938
0.9035379886627197
0.8675361275672913
0.9354390501976013
0.991349458694458
0.07022835314273834
0.8905482888221741
0.8502828478813171
0.7524436116218567
0.08653009682893753
0.12642399966716766
0.2926781475543976
0.5545409321784973
0.03376712650060654
0.07411038875579834
0.8921790719032288
0.943088710308075
0.8390585780143738
0.5811303853988647
0.9472696185112
0.9790339469909668
0.892867386341095
0.580843448638916
0.7473432421684265
0.9884185791015625
0.9831821322441101
0.9924370646476746
0.9893282055854797
0.6744752526283264
0.14575964212417603
0.9057772755622864
0.9800696969032288
0.9108409285545349
0.9924831986427307
0.34705519676208496
0.2685048580169678
0.4764292240142822
0.9233867526054382
0.3616691827774048
0.9245094656944275
0.8521254062652588
0.785388708114624
0.7966878414154053
0.923751175403595
0.9230818748474121
0.9389284253120422
0.15144075453281403
0.06459074467420578
0.1952505111694336
0.5956834554672241
0.41349300742149353
0.327719509601593
0.054832056164741516
0.16785825788974762
0.18494866788387299
0.10776937007904053
0.19894713163375854
0.15792305767536163
0.552417516708374
0.5004139542579651
0.606881320476532
0.8696264624595642
0.8387404084205627
0.5591482520103455
0.5555654168128967
0.8112248778343201
0.2770070731639862
0.09681779891252518
0.1764405220746994
0.4963984489440918
0.48614194989204407
0.9733335375785828
0.584617018699646
0.4317525625228882
0.09075059741735458
0.15795396268367767
0.2834261953830719
0.8420444130897522
0.8650997281074524
0.7907864451408386
0.16228438913822174
0.6385572552680969
0.140279620885849
0.8657913208007812
0.9186436533927917
0.09843096882104874
0.048221420496702194
0.7662732601165771
0.7954532504081726
0.7641377449035645
0.665123462677002
0.8340421319007874
0.8756278157234192
0.7392076849937439
0.9681593775749207
0.9605712294578552
0.04040541127324104
0.2268933802843094
0.9194920659065247
0.7819334864616394
0.9041288495063782
0.8494402766227722
0.8374632000923157
0.019934991374611855
0.32187995314598083
0.36978039145469666
0.9152384400367737
0.7151336669921875
0.5488268733024597
0.33164122700691223
0.12375655770301819
0.7554871439933777
0.6910157799720764
0.8101223111152649
0.5201157331466675
0.6231029033660889
0.8202481269836426
0.6280776858329773
0.5971100926399231
0.4670843183994293
0.14491011202335358
0.11364760994911194
0.7567717432975769
0.2900238633155823
0.9612228274345398
0.9952852725982666
0.10992363095283508
0.7698734402656555
0.10380036383867264
0.7164422869682312
0.6898579001426697
0.750033438205719
0.8857097625732422
0.8529778122901917
0.47285619378089905
0.7752780318260193
0.578236997127533
0.9074352383613586
0.05646875500679016
0.32005682587623596
0.6896253228187561
0.3552580773830414
0.9848915934562683
0.9768523573875427
0.9777071475982666
0.34456777572631836
0.06038428470492363
0.985072135925293
0.9722840189933777
0.7624848484992981
0.8125681281089783
0.759409487247467
0.5957593321800232
0.9853711128234863
0.789869487285614
0.4597874581813812
0.31912365555763245
0.6216320395469666
0.6708124279975891
0.7577800154685974
0.7929980754852295
0.6319198608398438
0.4769982397556305
0.8440077900886536
0.7625464797019958
0.7595285773277283
0.40625905990600586
0.9744666218757629
0.9765307307243347
0.9753243327140808
0.9872530102729797
0.9834948182106018
0.7823264598846436
0.8386540412902832
0.7810602784156799
0.08877548575401306
0.9229748249053955
0.6549040675163269
0.9767894148826599
0.1570788025856018
0.5619013905525208
0.8510720133781433
0.5346390604972839
0.7007193565368652
0.7212579250335693
0.22332847118377686
0.6589809060096741
0.5458601713180542
0.45764562487602234
0.7280262112617493
0.6196513772010803
0.9291875958442688
0.8881608843803406
0.8054422736167908
0.3025877773761749
0.22043156623840332
0.8977832198143005
0.9018509387969971
0.6920321583747864
0.11824297904968262
0.585627019405365
0.4686436951160431
0.28291818499565125
0.7329915165901184
0.7853085994720459
0.0639200210571289
0.994718611240387
0.9915867447853088
0.9916038513183594
0.8138553500175476
0.21169407665729523
0.3992168605327606
0.47806012630462646
0.46153903007507324
0.8187642693519592
0.1603723019361496
0.9506928324699402
0.9948762059211731
0.9886873364448547
0.25784698128700256
0.7297592163085938
0.8421613574028015
0.735085666179657
0.9148781299591064
0.794618546962738
0.6047324538230896
0.28226903080940247
0.6789084076881409
0.7607410550117493
0.9832360148429871
0.9751800894737244
0.9853708148002625
0.9950985312461853
0.9905507564544678
0.9843275547027588
0.8858076930046082
0.913703441619873
0.9884451031684875
0.7064891457557678
0.47542691230773926
0.9706009030342102
0.9681763648986816
0.9832210540771484
0.6182677149772644
0.657150387763977
0.6425513625144958
0.15001800656318665
0.9617025256156921
0.9800469279289246
0.9941258430480957
0.9890422821044922
0.7958669662475586
0.5302147269248962
0.9840095043182373
0.4842616021633148
0.3594192564487457
0.21555529534816742
0.9806033968925476
0.26339513063430786
0.21229112148284912
0.23816359043121338
0.10531830787658691
0.4505981504917145
0.3070494532585144
0.4614314138889313
0.6150984168052673
0.8325896859169006
0.5100221037864685
0.8172405362129211
0.3220452666282654
0.9858660697937012
0.21262705326080322
0.591756284236908
0.0807349681854248
0.14303001761436462
0.14243164658546448
0.8305123448371887
0.8209617733955383
0.012423429638147354
0.2887265980243683
0.9867727756500244
0.9934518337249756
0.6916840076446533
0.9920399785041809
