0.4370622932910919
0.1550089418888092
0.7662550806999207
0.5546534061431885
0.8186896443367004
0.19962798058986664
0.07701734453439713
0.49632498621940613
0.4193533658981323
0.5465714335441589
0.028063060715794563
0.3932205140590668
0.244032621383667
0.6792723536491394
0.051114436239004135
0.8301566243171692
0.83771151304245
0.2525053024291992
0.262858122587204
0.07668882608413696
0.06705807149410248
0.14960618317127228
0.12799544632434845
0.20244812965393066
0.7095763087272644
0.07323219627141953
0.2763017416000366
0.6279764771461487
0.2098231315612793
0.6291026473045349
0.8837396502494812
0.8540166020393372
0.06748954951763153
0.16805660724639893
0.8628174662590027
0.08081447333097458
0.9371228814125061
0.5976336002349854
0.026853462681174278
0.8231409192085266
0.7990059852600098
0.8386602401733398
0.8854708671569824
0.024475635960698128
0.38045772910118103
0.8585535883903503
0.7833924889564514
0.7358462810516357
0.8086258769035339
0.25974544882774353
0.6899642944335938
0.04427976533770561
0.025031859055161476
0.6740967631340027
0.7790277600288391
0.812098503112793
0.800422191619873
0.6070170998573303
0.06339055299758911
0.777697741985321
0.2759492099285126
0.9570873379707336
0.8328713774681091
0.9035919308662415
0.028959477320313454
0.3656192719936371
0.014266278594732285
0.7879159450531006
0.02645748108625412
0.6266371011734009
0.8796836733818054
0.875350296497345
0.6496539115905762
0.6184154152870178
0.5403655171394348
0.35382115840911865
0.12263365834951401
0.1466127187013626
0.8019607663154602
0.016634834930300713
0.020056916400790215
0.24220962822437286
0.6331820487976074
0.14992670714855194
0.8611109256744385
0.19794471561908722
0.6692549586296082
0.9809206128120422
0.15095220506191254
0.11434928327798843
0.3057802617549896
0.043874144554138184
0.2858858108520508
0.7713472247123718
0.5049765110015869
0.7689123153686523
0.027206936851143837
0.31259554624557495
0.9106647372245789
0.0033904605079442263
0.1482984572649002
0.07316914200782776
0.185214564204216
0.060097455978393555
0.009903172962367535
0.09541288018226624
0.5962342619895935
0.1720779687166214
0.29131701588630676
0.6718489527702332
0.8747050166130066
0.6911065578460693
0.2688082158565521
0.6002668738365173
0.6489560604095459
0.02236439846456051
0.8485401272773743
0.12088000774383545
0.07333388179540634
0.13064779341220856
0.05145127698779106
0.6533598899841309
0.012451514601707458
0.9200974106788635
0.5835011005401611
0.8881254196166992
0.8419960141181946
0.8568494319915771
0.9222388863563538
0.7440996170043945
0.13886700570583344
0.05951489880681038
0.028255319222807884
0.02195608802139759
0.1640751212835312
0.4680146276950836
0.4844493567943573
0.34573984146118164
0.8345637917518616
0.007406096905469894
0.06242881715297699
0.11519791930913925
0.012781414203345776
0.8888856768608093
0.08609551936388016
0.9412558674812317
0.3481645882129669
0.09093093127012253
0.8743867874145508
0.21022741496562958
0.757480800151825
0.5085175037384033
0.4196237623691559
0.8191614151000977
0.5210575461387634
0.34047284722328186
0.09161853790283203
0.05534461513161659
0.2258610725402832
0.07341834157705307
0.7438622117042542
0.5589439272880554
0.21024851500988007
0.05802437290549278
0.7747886776924133
0.04712420329451561
0.4648698568344116
0.2675633728504181
0.8763465285301208
0.022759603336453438
0.34061506390571594
0.25123852491378784
0.41856932640075684
0.33306214213371277
0.07023752480745316
0.2878248989582062
0.022939205169677734
0.019686000421643257
0.19630438089370728
0.7300283908843994
0.7328569889068604
0.9316976070404053
0.9463847279548645
0.006587010342627764
0.05141386762261391
0.8775520920753479
0.8957192897796631
0.8672959208488464
0.024368753656744957
0.049954693764448166
0.7002511620521545
0.04547450318932533
0.8471148610115051
0.8892879486083984
0.33291152119636536
0.36387380957603455
0.0940859243273735
0.022405562922358513
0.7741174101829529
0.9778227806091309
0.01609477587044239
0.1992056965827942
0.00473034055903554
0.26486918330192566
0.734161376953125
0.040984008461236954
0.04790330305695534
0.1857491135597229
0.09115789085626602
0.04402223229408264
0.0613708533346653
0.04047280550003052
0.8993635773658752
0.05581413209438324
0.12910906970500946
0.04265464469790459
0.020504571497440338
0.9063252806663513
0.7408104538917542
0.01646324247121811
0.013563606888055801
0.6436904668807983
0.09720847755670547
0.931557834148407
0.30003413558006287
0.9460592269897461
0.9125213027000427
0.08930937200784683
0.8539463877677917
0.7285463809967041
0.03309616073966026
0.003916379064321518
0.696772575378418
0.014098367653787136
0.3871309459209442
0.8581864237785339
0.06238323822617531
0.6819911003112793
0.09660885483026505
0.10495946556329727
0.017266107723116875
0.0291255135089159
0.11044106632471085
0.06248993054032326
0.4184539318084717
0.33032000064849854
0.9961604475975037
0.9864661693572998
0.11047282069921494
0.6870927810668945
0.8086984753608704
0.6504032611846924
0.09547678381204605
0.02545938454568386
0.040970638394355774
0.013920477591454983
0.02638988196849823
0.08332561701536179
0.034848254173994064
0.47044816613197327
0.14622755348682404
0.48065850138664246
0.2660759687423706
0.9324391484260559
0.6092504262924194
0.02960803173482418
0.7083091735839844
0.4522566497325897
0.7522316575050354
0.4730209410190582
0.04113854095339775
0.12870724499225616
0.03179376944899559
0.07950395345687866
0.5022454857826233
0.23794353008270264
0.12878845632076263
0.5365884304046631
0.03547246381640434
0.611763060092926
0.9279780387878418
0.7341213822364807
0.7391945719718933
0.7465159296989441
0.19442732632160187
0.7938632965087891
0.5966071486473083
0.022208698093891144
0.016398299485445023
0.8583419919013977
0.7653465867042542
0.5518556833267212
0.86601322889328
0.051056306809186935
0.009926163591444492
0.19965283572673798
0.8901429176330566
0.05395379289984703
0.8257110714912415
0.4444173276424408
0.1486443728208542
0.22458721697330475
0.1220221295952797
0.07438739389181137
0.18003226816654205
0.6236866116523743
0.0747932642698288
0.12630875408649445
0.6839239001274109
0.8465259671211243
0.05985264852643013
0.009732973761856556
0.7200808525085449
0.013002190738916397
0.7043774724006653
0.204506978392601
0.010304626077413559
0.20359502732753754
0.8852431178092957
0.33364924788475037
0.4456866681575775
0.013139489106833935
0.07978775352239609
0.7189756035804749
0.017922377213835716
0.8311454653739929
0.5597049593925476
0.06205779314041138
0.26807358860969543
0.9715416431427002
0.01766844652593136
0.008597282692790031
0.10035616904497147
0.1649634689092636
0.007680888753384352
0.017764778807759285
0.9789953231811523
0.9441950917243958
0.5135283470153809
0.06735138595104218
0.6614447236061096
0.6014737486839294
0.9322638511657715
0.9493004679679871
0.05028456822037697
0.15461792051792145
0.1645602434873581
0.011975263245403767
0.022772489115595818
0.05972127243876457
0.9365413784980774
0.7089089751243591
0.834644615650177
0.15310411155223846
0.451768159866333
0.13919343054294586
0.03800584003329277
0.9806065559387207
0.49427318572998047
0.3513629734516144
0.08808746188879013
0.01593727245926857
0.8978639245033264
0.16614332795143127
0.8185995221138
0.8302363753318787
0.6407082080841064
0.7690073847770691
0.3297206163406372
0.02655763365328312
0.129793182015419
0.7704875469207764
0.5605618357658386
0.6625974774360657
0.6428211331367493
0.41975000500679016
0.2509196698665619
0.7758638858795166
0.07018869370222092
0.2942246198654175
0.003764500143006444
0.06442957371473312
0.10373885184526443
0.7599580883979797
0.8905282020568848
0.03633427247405052
0.8830263614654541
0.7806733250617981
0.01688183657824993
0.6714099049568176
0.48930859565734863
0.010491379536688328
0.00393052538856864
0.028449920937418938
0.986793577671051
0.9847679734230042
0.8420848250389099
0.06445637345314026
0.4720381796360016
0.7968699336051941
0.23267419636249542
0.0075480216182768345
0.9434314370155334
0.8532641530036926
0.11168843507766724
0.9586121439933777
0.3173840343952179
0.7795466780662537
0.8844139575958252
0.5257468223571777
0.13079474866390228
0.1693640947341919
0.837228000164032
0.6061302423477173
0.1309514194726944
0.7034167647361755
0.174760103225708
0.7796489596366882
0.8571205735206604
0.6604885458946228
0.8093347549438477
0.4526406228542328
0.8167803287506104
0.8873211741447449
0.07781244069337845
0.011092950589954853
0.35604655742645264
0.15090252459049225
0.9880435466766357
0.5821073055267334
0.042558372020721436
0.20790565013885498
0.12368141859769821
0.046490732580423355
0.08039381355047226
0.17203740775585175
0.9241557717323303
0.7916925549507141
0.9874973297119141
0.9810498356819153
0.02287673018872738
0.0052492618560791016
0.1999884396791458
0.2151471972465515
0.4752230644226074
0.16121692955493927
0.5652031898498535
0.07723339647054672
0.43443986773490906
0.08818580955266953
0.10261955857276917
0.053618911653757095
0.27590835094451904
0.8285321593284607
0.8858644962310791
0.568467915058136
0.5122517943382263
0.0046248482540249825
0.10927791148424149
0.09186854958534241
0.11045706272125244
0.436221718788147
0.4319585859775543
0.31185856461524963
0.8894272446632385
0.21009479463100433
0.8127490878105164
0.3232971727848053
0.10553834587335587
0.8032363057136536
0.6954204440116882
0.7174835205078125
0.7850921750068665
0.8248743414878845
0.8036691546440125
0.717232882976532
0.49417734146118164
0.887144148349762
0.03262365981936455
0.11527297645807266
0.02302432805299759
0.7937459945678711
0.08562455326318741
0.0005733923171646893
0.09416589885950089
0.3441482484340668
0.22422705590724945
0.05689224228262901
0.1435927450656891
0.1636158972978592
0.03142388164997101
0.7619608044624329
0.013532310724258423
0.007732415571808815
0.007643360644578934
0.6498839259147644
0.14616496860980988
0.1000632643699646
0.1470935046672821
0.2221866250038147
0.8423498272895813
0.7796971201896667
0.05056917294859886
0.7848016619682312
0.10670125484466553
0.5410568714141846
0.05570164695382118
0.01627376116812229
0.21662473678588867
0.15023019909858704
0.849830150604248
0.6284785270690918
0.2736373841762543
0.014650016091763973
0.022062892094254494
0.004442459903657436
0.26776736974716187
0.0176391564309597
0.04494349658489227
0.1872439831495285
0.7241945266723633
0.4993305206298828
0.7673748135566711
0.8203145861625671
0.0543430857360363
0.34451329708099365
0.17715929448604584
0.719004213809967
0.3336170017719269
0.8802970051765442
0.005773482844233513
0.08472525328397751
0.7831527590751648
0.8649728894233704
0.8612356185913086
0.7419269680976868
0.45102789998054504
0.07906599342823029
0.39541900157928467
0.2979511320590973
0.5305076241493225
0.01977640390396118
0.06665042787790298
0.2200731635093689
0.8705276846885681
0.7859593033790588
0.6455142498016357
0.12028765678405762
0.09830105304718018
0.7079517245292664
0.8658623695373535
0.7629688382148743
0.005565285682678223
0.3789151608943939
0.06744266301393509
0.47147634625434875
0.07055783271789551
0.7889694571495056
0.8397160172462463
0.009443577378988266
0.6199944615364075
0.05179368332028389
0.6409581303596497
0.06955212354660034
0.0504663921892643
0.03174290060997009
0.7739235758781433
0.00818158220499754
0.4658218324184418
0.4390065670013428
0.04535230994224548
0.8841094970703125
0.0017255423590540886
0.7076560854911804
0.08068970590829849
0.5541936755180359
0.8017268180847168
0.2307732254266739
0.01496086549013853
0.003044383367523551
0.2298564463853836
0.901195764541626
0.06348814815282822
0.09342542290687561
0.2455029934644699
0.11263928562402725
0.8726398348808289
0.008522812277078629
0.8115659356117249
0.08425440639257431
0.022783474996685982
0.8838018774986267
0.2552563548088074
0.08055999875068665
0.2646983563899994
0.005413445178419352
0.10776564478874207
0.04283662512898445
0.03074789047241211
0.8095006346702576
0.035549093037843704
0.7617199420928955
0.4329190254211426
0.1048005223274231
0.020941942930221558
0.1340821236371994
0.27692219614982605
0.24987439811229706
0.017636334523558617
0.14979249238967896
0.21951280534267426
0.02072504721581936
0.3263464868068695
0.85029536485672
0.9649532437324524
0.952752411365509
0.007056423928588629
0.012719220481812954
0.009448806755244732
0.011269581504166126
0.009326991625130177
0.03163033351302147
0.9894005656242371
0.7755452990531921
0.7301281094551086
0.04277791455388069
0.5244671702384949
0.051082003861665726
0.010017093271017075
0.04837052896618843
0.06155247613787651
0.22290359437465668
0.8090112209320068
0.7310152649879456
0.2594607174396515
0.8911690711975098
0.16790993511676788
0.6157045960426331
0.2400818020105362
0.513523519039154
0.2303856760263443
0.9059362411499023
0.5688533186912537
0.982763946056366
0.01669251173734665
0.842962920665741
0.10320451855659485
0.8684659004211426
0.9601014256477356
0.9790847897529602
0.9718503355979919
0.16939608752727509
0.038184601813554764
0.754278838634491
0.11158385127782822
0.34171608090400696
0.11180432885885239
0.015663253143429756
0.559664249420166
0.19261960685253143
0.5252187848091125
0.01471488457173109
0.3299979865550995
0.1921921819448471
0.005745261907577515
0.018986865878105164
0.43941330909729004
0.531892716884613
0.08160463720560074
0.011447821743786335
0.057783279567956924
0.1340392529964447
0.7377424240112305
0.10881483554840088
0.03523482754826546
0.3974032402038574
0.15614734590053558
0.5112916231155396
0.12358218431472778
0.8178074955940247
0.18001115322113037
0.7730090022087097
0.06698768585920334
0.22861170768737793
0.11378846317529678
0.020375194028019905
0.7330594062805176
0.3886837661266327
0.9446461796760559
0.5245271921157837
0.015106800012290478
0.06711859256029129
0.7540943622589111
0.46669840812683105
0.013241604901850224
0.5501627326011658
0.017350325360894203
0.032227762043476105
0.02856486290693283
0.8915343880653381
0.6765637397766113
0.8378670811653137
0.36883676052093506
0.21607913076877594
0.03490613028407097
0.32527104020118713
0.6851946711540222
0.20916961133480072
0.7908596396446228
0.15431779623031616
0.9216267466545105
0.5115904808044434
0.6642900705337524
0.8336804509162903
0.8895912766456604
0.7490511536598206
0.5655178427696228
0.10185254365205765
0.128891721367836
0.1622745245695114
0.089629165828228
0.9317747950553894
0.015247315168380737
0.028655581176280975
0.025916993618011475
0.9179778695106506
0.7576267719268799
0.802707850933075
0.29521262645721436
0.03738446533679962
0.010163749568164349
0.0781068280339241
0.03329409658908844
0.7425606846809387
0.04408250376582146
0.4225076138973236
0.5122618675231934
0.1183408722281456
0.14123140275478363
0.06614360958337784
0.06988848000764847
0.8418161869049072
0.9742255806922913
0.793666660785675
0.8041510581970215
0.8326980471611023
0.11821315437555313
0.3306068181991577
0.8107503056526184
0.01877872832119465
0.782804012298584
0.016523784026503563
0.7320666909217834
0.7953398823738098
0.8901059627532959
0.06067200377583504
0.2893804609775543
0.5941475629806519
0.03364191949367523
0.7174013257026672
0.21371454000473022
0.15370789170265198
0.7264313697814941
0.24446214735507965
0.6541722416877747
0.28684911131858826
0.20423339307308197
0.8565456867218018
0.13201011717319489
0.6867955327033997
0.14365020394325256
0.3199436366558075
0.29986628890037537
0.23702342808246613
0.4806159436702728
0.8731956481933594
0.040995582938194275
0.08697786927223206
0.04487745836377144
0.03514283150434494
0.0763363242149353
0.0132141737267375
0.1627587080001831
0.794252872467041
0.15454980731010437
0.0057231648825109005
0.13887302577495575
0.2976827323436737
0.06442908942699432
0.21887268126010895
0.8580484390258789
0.4579295217990875
0.04382625222206116
0.8518452644348145
0.047975003719329834
0.01639111526310444
0.48716893792152405
0.549106776714325
0.02263708971440792
0.0671832337975502
0.00949400756508112
0.8880753517150879
0.27321290969848633
0.05954188480973244
0.5711837410926819
0.03613916411995888
0.060557376593351364
0.12294385582208633
0.36585184931755066
0.027984365820884705
0.03322555497288704
0.11033538728952408
0.017266951501369476
0.2478104829788208
0.03805601969361305
0.011722118593752384
0.7425701022148132
0.6549214720726013
0.25030258297920227
0.09090269356966019
0.15579356253147125
0.0539543442428112
0.1822805255651474
0.25309064984321594
0.01382691040635109
0.735419750213623
0.07415533065795898
0.4860819876194
0.29666176438331604
0.1788208931684494
0.10206250101327896
0.761458158493042
0.018211590126156807
0.43522074818611145
0.8036162853240967
0.05053890869021416
0.23435552418231964
0.20834855735301971
0.008859501220285892
0.773637592792511
0.7270176410675049
0.012046760879456997
0.42902326583862305
0.44195905327796936
0.012175966054201126
0.7093302607536316
0.9464116096496582
0.005815854761749506
0.7492015361785889
0.18512098491191864
0.3496267795562744
0.04664993658661842
0.9614844918251038
0.25132742524147034
0.08981535583734512
0.28485098481178284
0.8747473359107971
0.02742869406938553
0.0023874659091234207
0.7198412418365479
0.019457241520285606
0.6881858706474304
0.030535459518432617
0.7323648929595947
0.04642448201775551
0.0031538743060082197
0.14081650972366333
0.7518522143363953
0.13112644851207733
0.011694788932800293
0.7010839581489563
0.40069034695625305
0.028792986646294594
0.21591763198375702
0.0037129137199372053
0.8957956433296204
0.9448078274726868
0.18090705573558807
0.06465106457471848
0.018841557204723358
0.02801327593624592
0.7449788451194763
0.37336811423301697
0.028464896604418755
0.037756990641355515
0.0041140844114124775
0.9501793384552002
0.07727610319852829
0.07319630682468414
0.09062211960554123
0.033116426318883896
0.004999740049242973
0.06622591614723206
0.9344658851623535
0.19154338538646698
0.07401254028081894
0.7735300660133362
0.799884021282196
0.03247563913464546
0.11607561260461807
0.052378278225660324
0.059321802109479904
0.03148866444826126
0.06417659670114517
0.2279197722673416
0.0303764957934618
0.23823189735412598
0.041625723242759705
0.09734996408224106
0.014319625683128834
0.03796212375164032
0.05426929518580437
0.01048657950013876
0.012059005908668041
0.031389299780130386
0.03114505670964718
0.37524768710136414
0.03664350509643555
0.8155741095542908
0.20696504414081573
0.9773886799812317
0.951274573802948
0.949115514755249
0.48683682084083557
0.779717206954956
0.024208659306168556
0.024030013009905815
0.015583093278110027
0.008551519364118576
0.017808660864830017
0.3825354278087616
0.8528736233711243
0.13294710218906403
0.543949544429779
0.007503468077629805
0.11359796673059464
0.04832608625292778
0.2048129439353943
0.5238515734672546
0.9705355763435364
0.8021000027656555
0.9280469417572021
0.9346975684165955
0.6935396790504456
0.00694145867601037
0.006059556733816862
0.04644745588302612
0.85440593957901
0.0742027685046196
0.0211916696280241
0.07594785839319229
0.0075417268089950085
0.01972890831530094
0.005932370200753212
0.19385270774364471
0.011447529308497906
0.2718915045261383
0.032212480902671814
0.03264102712273598
0.17887556552886963
0.9931066632270813
0.9922399520874023
0.9697540402412415
0.9590629935264587
0.9388766288757324
0.026911944150924683
0.09211965650320053
0.18972831964492798
0.25729915499687195
0.012905865907669067
0.05331997573375702
0.015887005254626274
0.89887934923172
0.9042510986328125
0.005591535475105047
0.520013689994812
0.005111253820359707
0.01775180734694004
0.007175024598836899
0.004742225166410208
0.9777613282203674
0.946714460849762
0.043058041483163834
0.9876267313957214
0.9766845703125
0.5572910308837891
0.02596118301153183
0.6091799139976501
0.5724960565567017
0.022654563188552856
0.00787146482616663
0.907730758190155
0.023290077224373817
0.8942410349845886
0.03438911214470863
0.23567886650562286
0.5929498076438904
0.6347723007202148
0.01815439760684967
0.9580686092376709
0.706246554851532
0.8895599842071533
0.038554880768060684
0.33803343772888184
0.9447601437568665
0.8680217862129211
0.348434716463089
0.7794010043144226
0.10856590420007706
0.3468141257762909
0.05201345309615135
0.9180008769035339
0.137014701962471
0.21692299842834473
0.7750022411346436
0.9477426409721375
0.876957356929779
0.7776975631713867
0.08191628009080887
0.814481258392334
0.20805412530899048
0.25728899240493774
0.49671873450279236
0.04543589428067207
0.34652063250541687
0.31274253129959106
0.09032636880874634
0.9352858662605286
0.014354734681546688
0.07460155338048935
0.015838729217648506
0.8123005032539368
0.17649759352207184
0.48009490966796875
0.5693212151527405
0.4652540385723114
0.5529683232307434
0.2323397994041443
0.6987634301185608
0.1853364109992981
0.05213582143187523
0.6880979537963867
0.826935350894928
0.15971370041370392
0.4080702066421509
0.1220872774720192
0.6421772837638855
0.07192077487707138
0.03635464236140251
0.7247210144996643
0.4801447093486786
0.052939388900995255
0.4772648811340332
0.7170453071594238
0.6489282250404358
0.20159053802490234
0.6851437091827393
0.6950713992118835
0.695148229598999
0.8257419466972351
0.8447573781013489
0.6103891134262085
0.40111860632896423
0.015891991555690765
0.8725445866584778
0.05299616977572441
0.786369264125824
0.14369909465312958
0.599676251411438
0.6611685752868652
0.3594227135181427
0.4417751729488373
0.6052843928337097
0.17915426194667816
0.8453726768493652
0.9097172617912292
0.7496044039726257
0.47390976548194885
0.8908124566078186
0.11092349886894226
0.13213251531124115
0.1665911227464676
0.8740612864494324
0.8107755184173584
0.03096708655357361
0.3439730703830719
0.11334842443466187
0.507818877696991
0.21157129108905792
0.5498448014259338
0.6235893368721008
0.3664487898349762
0.16637022793293
0.03485320135951042
0.5608727335929871
0.76924729347229
0.03180239722132683
0.049229737371206284
0.8174042701721191
0.9424448013305664
0.029308022931218147
0.05685226246714592
0.6374795436859131
0.009635529480874538
0.8081628680229187
0.014192177914083004
0.04278004541993141
0.13191820681095123
0.7459783554077148
0.06303465366363525
0.8211531639099121
0.28633400797843933
0.11266395449638367
0.014821977354586124
0.41918501257896423
0.011642221361398697
0.11459098011255264
0.027939854189753532
0.06809673458337784
0.01709836907684803
0.15519097447395325
0.7965295314788818
0.032734472304582596
0.024998249486088753
0.019390013068914413
0.02034592069685459
0.005904925521463156
0.00441522803157568
0.02026762254536152
0.023234745487570763
0.027215158566832542
0.009126937948167324
0.0016306322067975998
0.49672731757164
0.2039559930562973
0.5236918330192566
0.03165560960769653
0.2239585965871811
0.4880844056606293
0.0647493228316307
0.40632280707359314
0.07125125080347061
0.005314644891768694
0.281640887260437
0.5504854321479797
0.007948987185955048
0.023336948826909065
0.06257910281419754
0.3423739969730377
0.13030944764614105
0.032034050673246384
0.024344095960259438
0.012477188371121883
0.08457323163747787
0.30502215027809143
0.4295208156108856
0.03923049941658974
0.0058068204671144485
0.017218220978975296
0.030644528567790985
0.1920156329870224
0.41365206241607666
0.4590083658695221
0.055787041783332825
0.00947672501206398
0.008048943243920803
0.08140917867422104
0.019559798762202263
0.09647774696350098
0.7489261627197266
0.013086331076920033
0.4765748083591461
0.3611682653427124
0.6539301872253418
0.05856998637318611
0.8665769696235657
0.09611157327890396
0.05003100633621216
0.036575328558683395
0.7556886672973633
0.0359027236700058
0.6149995923042297
0.5603364109992981
0.21963386237621307
0.030225845053792
0.02874620445072651
0.20403732359409332
0.1952822208404541
0.5617132186889648
0.016776131466031075
0.3087137043476105
0.20134258270263672
0.729806125164032
0.40860268473625183
0.20743684470653534
0.010919400490820408
0.059838343411684036
0.2439132183790207
0.27983617782592773
0.03400260582566261
0.4181513488292694
0.49068236351013184
0.14387057721614838
0.6443707942962646
0.24509620666503906
0.1362946778535843
0.09444910287857056
0.002472152467817068
0.03191444277763367
0.6223592162132263
0.02890953980386257
0.7010524868965149
0.058210570365190506
0.14361725747585297
0.01396376732736826
0.04724336788058281
0.033175062388181686
0.08071406930685043
0.03727078065276146
0.015751587226986885
0.010458328761160374
0.012468162924051285
0.035591010004282
0.013074484653770924
0.16411982476711273
0.6064014434814453
0.05070394277572632
0.025293195620179176
0.8845551609992981
0.569087028503418
0.07687393575906754
0.06129619851708412
0.10258698463439941
0.018689559772610664
0.01093048881739378
0.05020010843873024
0.17269909381866455
0.020783642306923866
0.014323997311294079
0.041425514966249466
0.010173716582357883
0.03411373123526573
0.07404423505067825
0.025119371712207794
0.012459964491426945
0.03730827197432518
0.009504775516688824
0.5849023461341858
0.7059258818626404
0.02716320939362049
0.02224903367459774
0.04042459651827812
0.022303061559796333
0.004068479407578707
0.20263715088367462
0.027912698686122894
0.17218612134456635
0.06300536543130875
0.05355234071612358
0.04408429563045502
0.1144506111741066
0.05464683473110199
0.12965761125087738
0.055787380784749985
0.5338771343231201
0.3819931447505951
0.03498004004359245
0.7388760447502136
0.038985125720500946
0.0883234441280365
0.08900957554578781
0.07877588272094727
0.07009691745042801
0.053721655160188675
0.14808177947998047
0.24151496589183807
0.13610024750232697
0.14890646934509277
0.22274179756641388
0.02426399290561676
0.014800089411437511
0.019184252247214317
0.12424106150865555
0.022382671013474464
0.1049703061580658
0.3129371404647827
0.09104122966527939
0.12420307844877243
0.08032900840044022
0.07443461567163467
0.03625399246811867
0.09847105294466019
0.14461590349674225
0.015599208883941174
0.3417835235595703
0.0771394819021225
0.0712813213467598
0.06466403603553772
0.14363937079906464
0.0076016453094780445
0.12847161293029785
0.10028532892465591
0.4134524166584015
0.08078588545322418
0.3883730471134186
0.8392806053161621
0.15599210560321808
0.09954428672790527
0.04994215443730354
0.043270353227853775
0.014240522868931293
0.08770477026700974
0.15808428823947906
0.0706065222620964
0.06918609142303467
0.19314692914485931
0.18641774356365204
0.24750728905200958
0.03907334432005882
0.19652296602725983
0.27236685156822205
0.008642141707241535
0.067696712911129
0.42838287353515625
0.01118254940956831
0.059357915073633194
0.04373973235487938
0.04650157690048218
0.02769363671541214
0.0530497245490551
0.06086607649922371
0.027466891333460808
0.020392566919326782
0.04330333694815636
0.10085000842809677
0.01923983357846737
0.20136113464832306
0.39081740379333496
0.11156433820724487
0.06017577648162842
0.043498605489730835
0.005166062619537115
0.026277879253029823
0.07814078778028488
0.03105037659406662
0.02216593362390995
0.007325556129217148
0.015755590051412582
0.02398040145635605
0.010037853382527828
0.09911960363388062
0.009509779512882233
0.07020942121744156
0.15105575323104858
0.2106766253709793
0.03655709698796272
0.005194778088480234
0.003133469959720969
0.03778408095240593
0.01834333874285221
0.048634666949510574
0.034306224435567856
0.04869980737566948
0.02494140900671482
0.024028195068240166
0.026748085394501686
0.14707507193088531
0.019248275086283684
0.07647084444761276
0.33620885014533997
0.018426338210701942
0.27811750769615173
0.05237283185124397
0.6873944401741028
0.21023666858673096
0.08401276916265488
0.09470175951719284
0.21852834522724152
0.2561868727207184
0.9175403714179993
0.10534179955720901
0.020421389490365982
0.17429226636886597
0.37634506821632385
0.6910737156867981
0.0764748677611351
0.31587839126586914
0.6489247679710388
0.012294746935367584
0.5371548533439636
0.7910405993461609
0.09991305321455002
0.009590103290975094
0.002987811341881752
0.6140753626823425
0.6867661476135254
0.49301886558532715
0.020058300346136093
0.018417442217469215
0.023192154243588448
0.2501163184642792
0.05889477953314781
0.017026245594024658
0.6717216372489929
0.8375105261802673
0.5553687810897827
0.08990492671728134
0.025162653997540474
0.05758139491081238
0.8646299242973328
0.0759212002158165
0.017595000565052032
0.023536721244454384
0.6227331757545471
0.03611243516206741
0.05314093828201294
0.45145201683044434
0.053454041481018066
0.042828720062971115
0.04044313728809357
0.1051231250166893
0.34599068760871887
0.014297381043434143
0.0408579520881176
0.08594483137130737
0.13755567371845245
0.011341456323862076
0.018300475552678108
0.012363992631435394
0.04037373885512352
0.13637562096118927
0.03358658403158188
0.9575158953666687
0.9109681248664856
0.9291739463806152
0.05789881944656372
0.7461579442024231
0.8190242648124695
0.0076163639314472675
0.008798790164291859
0.2768157422542572
0.5966830849647522
0.014916184358298779
0.11657410115003586
0.026294535025954247
0.07745712995529175
0.09051191806793213
0.02441798336803913
0.039548687636852264
0.07398001104593277
0.3290788233280182
0.004273171070963144
0.053490251302719116
0.9863410592079163
0.9742792248725891
0.2412317544221878
0.5283202528953552
0.06440194696187973
0.052892714738845825
0.21843914687633514
0.12176128476858139
0.006856526713818312
0.0244226586073637
0.4692666530609131
0.04601014032959938
0.361856073141098
0.6683670878410339
0.12765389680862427
0.34918412566185
0.0633622333407402
0.7051976323127747
0.12098058313131332
0.6861689686775208
0.0496467687189579
0.091739721596241
0.1092771515250206
0.011853749863803387
0.2518644630908966
0.006809263955801725
0.017685802653431892
0.5143845677375793
0.008045030757784843
0.021172843873500824
0.04950122907757759
0.3930722773075104
0.028073346242308617
0.00940622016787529
0.24671630561351776
0.1656924933195114
0.11641547083854675
0.07048315554857254
0.4689951241016388
0.6081644892692566
0.2076328545808792
0.061741363257169724
0.01669597066938877
0.0019212524639442563
0.04515513405203819
0.014139962382614613
0.02724129892885685
0.011406682431697845
0.009179298765957355
0.1622576266527176
0.23408889770507812
0.04573419690132141
0.022486073896288872
0.8325974941253662
0.008570239879190922
0.15544557571411133
0.05620552971959114
0.08895058184862137
0.03047212027013302
0.014909992925822735
0.0229358971118927
0.7881863117218018
0.01428399607539177
0.7262431979179382
0.7125914096832275
0.8827287554740906
0.010424314998090267
0.014841767959296703
0.006179201882332563
0.01982840709388256
0.0017512476770207286
0.003484816290438175
0.02565379999577999
0.05871498957276344
0.004039365332573652
0.5258825421333313
0.13582441210746765
0.021988192573189735
0.005739577114582062
0.01030938420444727
0.516362190246582
0.31178200244903564
0.570769727230072
0.014696680009365082
0.19980645179748535
0.15957826375961304
0.031282417476177216
0.027183255180716515
0.0625842735171318
0.024575481191277504
0.6871593594551086
0.7807708382606506
0.005318301264196634
0.2793184220790863
0.2251620888710022
0.006053428631275892
0.014879063703119755
0.2774293124675751
0.01640370860695839
0.013822384178638458
0.26615074276924133
0.04229049012064934
0.0373990423977375
0.033306241035461426
0.016295166686177254
0.0411992184817791
0.01454076450318098
0.07754155248403549
0.04009000584483147
0.07792600244283676
0.0019790048245340586
0.1456906497478485
0.0994378924369812
0.02131449617445469
0.07874654978513718
0.005910967011004686
0.012953395955264568
0.11930501461029053
0.1646604984998703
0.006287200376391411
0.0765906274318695
0.5684292912483215
0.028420129790902138
0.02238404005765915
0.035807739943265915
0.08678624033927917
0.07622712105512619
0.09763780981302261
0.011779837310314178
0.10494323819875717
0.013900242745876312
0.5326747298240662
0.9819002151489258
0.8735907673835754
0.32695332169532776
0.03276997432112694
0.6605379581451416
0.011803700588643551
0.0380905382335186
0.048512380570173264
0.015075933188199997
0.9517644047737122
0.007532814051955938
0.0075921849347651005
0.17922909557819366
0.03460123389959335
0.018883228302001953
0.040945831686258316
0.20091690123081207
0.6989684104919434
0.43919849395751953
0.3039911687374115
0.22545360028743744
0.2163415104150772
0.12785054743289948
0.3101491928100586
0.6304270029067993
0.012067534029483795
0.01566038280725479
0.8141811490058899
0.04745539650321007
0.9323039054870605
0.06747017055749893
0.06169116124510765
0.9546564221382141
0.13110803067684174
0.31825700402259827
0.0028092842549085617
0.548724889755249
0.02146231196820736
0.4315854012966156
0.8576395511627197
0.20953339338302612
0.027531752362847328
0.008637768216431141
0.04877663031220436
0.06746099144220352
0.057715341448783875
0.16848228871822357
0.06707166880369186
0.030338386073708534
0.029900232329964638
0.006510069593787193
0.019961277022957802
0.003695588791742921
0.8860319256782532
0.12052366882562637
0.031995173543691635
0.008973059244453907
0.04370395466685295
0.02266194112598896
0.1382131725549698
0.008145885542035103
0.5157689452171326
0.023630574345588684
0.0682806521654129
0.8721542954444885
0.19643281400203705
0.4419369697570801
0.8583484292030334
0.21832014620304108
0.15351438522338867
0.1411956548690796
0.11372458934783936
0.14708606898784637
0.17930923402309418
0.011164962314069271
0.02438490092754364
0.0080492552369833
0.6648830771446228
0.5602099299430847
0.38164710998535156
0.47768983244895935
0.4586614668369293
0.010206499136984348
0.10764497518539429
0.007681196089833975
0.005847763270139694
0.01388939842581749
0.014687374234199524
0.14526304602622986
0.08634308725595474
0.6674301028251648
0.1437847912311554
0.030132753774523735
0.005204524379223585
0.013864259235560894
0.22533506155014038
0.03712467476725578
0.09551256150007248
0.005393842235207558
0.014077489264309406
0.010968790389597416
0.028078898787498474
0.023217596113681793
0.03470228984951973
0.03375442698597908
0.39148807525634766
0.04799581691622734
0.03403346613049507
0.06671613454818726
0.17282350361347198
0.9051880836486816
0.8435842394828796
0.31042513251304626
0.4182344377040863
0.01794818975031376
0.019495541229844093
0.027327917516231537
0.019028762355446815
0.02889799140393734
0.08860152959823608
0.7315512299537659
0.04383823275566101
0.01826823316514492
0.017061570659279823
0.0739552453160286
0.018065394833683968
0.14372456073760986
0.021609747782349586
0.054652441293001175
0.0447201281785965
0.8464024662971497
0.533387303352356
0.005938619375228882
0.021995656192302704
0.00813210941851139
0.037333425134420395
0.3040355443954468
0.28557178378105164
0.02675287239253521
0.024041512981057167
0.08953186124563217
0.07180127501487732
0.12724745273590088
0.08182299882173538
0.05491551756858826
0.2766622006893158
0.7216389179229736
0.3456186056137085
0.09567376971244812
0.014821752905845642
0.6741536259651184
0.4036717116832733
0.735875129699707
0.6016824245452881
0.618056058883667
0.06381818652153015
0.01712326891720295
0.028548089787364006
0.028088780120015144
0.21609364449977875
0.22862493991851807
0.26743945479393005
0.599277675151825
0.02556782215833664
0.08064045757055283
0.00659271189942956
0.05158260837197304
0.0910278931260109
0.18502186238765717
0.07709921151399612
0.734004020690918
0.07848971337080002
0.40825390815734863
0.01594277285039425
0.5413374304771423
0.21770866215229034
0.005938718095421791
0.49356603622436523
0.071424201130867
0.4664180278778076
0.017432332038879395
0.29998794198036194
0.04667137190699577
0.052304819226264954
0.01610429212450981
0.12172678858041763
0.035785019397735596
0.08169535547494888
0.01145253051072359
0.07563001662492752
0.06805071234703064
0.07018128782510757
0.03568829223513603
0.8724982142448425
0.8512516021728516
0.8371450304985046
0.05302296578884125
0.0735778883099556
0.009568754583597183
0.08803451061248779
0.01796715520322323
0.007907389663159847
0.48809537291526794
0.013107986189424992
0.0859062448143959
0.07569951564073563
0.15683645009994507
0.023289481177926064
0.40944966673851013
0.029019571840763092
0.4357653558254242
0.5815256834030151
0.25690892338752747
0.8719944953918457
0.4979051351547241
0.37988951802253723
0.10533305257558823
0.41523051261901855
0.06558959931135178
0.2804490923881531
0.016121771186590195
0.21131427586078644
0.018121114000678062
0.10315356403589249
0.013764913193881512
0.008153325878083706
0.21778655052185059
0.014508374035358429
0.19503861665725708
0.06352061778306961
0.024324802681803703
0.6468763947486877
0.03656260296702385
0.1566365510225296
0.12267640978097916
0.09815621376037598
0.12907250225543976
0.0021161227487027645
0.026337409391999245
0.10661253333091736
0.21553151309490204
0.043997254222631454
0.17980830371379852
0.16616839170455933
0.034529250115156174
0.007387800607830286
0.18591530621051788
0.04666364565491676
0.005684925243258476
0.01136903464794159
0.06772566586732864
0.05824598670005798
0.02971143089234829
0.01756628043949604
0.009954688139259815
0.20434238016605377
0.035386279225349426
0.007879533804953098
0.017945801839232445
0.4250706434249878
0.3251027762889862
0.0027257332112640142
0.14040036499500275
0.08939608186483383
0.19031476974487305
0.033675018697977066
0.4678672254085541
0.49550697207450867
0.02302655763924122
0.02679833211004734
0.1013481616973877
0.020719407126307487
0.10746387392282486
0.007020181510597467
0.07855316251516342
0.13450437784194946
0.06415136158466339
0.03074640966951847
0.013318359851837158
0.013454943895339966
0.03683286905288696
0.03459477797150612
0.9771972298622131
0.8072859644889832
0.9324502348899841
0.014772440306842327
0.9127179980278015
0.9411482810974121
0.07317878305912018
0.6032655835151672
0.03300335630774498
0.008874216116964817
0.04399191960692406
0.0410284660756588
0.036160122603178024
0.12630580365657806
0.04317659139633179
0.03731831535696983
0.09587037563323975
0.040814999490976334
0.48664093017578125
0.01679389737546444
0.9936159253120422
0.7545849680900574
0.13006259500980377
0.013436473906040192
0.17173539102077484
0.1783674955368042
0.8009767532348633
0.027615876868367195
0.43041881918907166
0.01225157082080841
0.17365890741348267
0.07979390770196915
0.03555641695857048
0.01404386293143034
0.14525286853313446
0.6255578994750977
0.07739333063364029
0.4247642457485199
0.8419540524482727
0.7821511626243591
0.02582526206970215
0.10823923349380493
0.14445364475250244
0.008343873545527458
0.10910602658987045
0.1242416724562645
0.06690282374620438
0.15406227111816406
0.8583084940910339
0.577521026134491
0.08070744574069977
0.008495737798511982
0.05837604030966759
0.2638581693172455
0.015875261276960373
0.01396847516298294
0.044796448200941086
0.07027056068181992
0.22622887790203094
0.007108233869075775
0.059085577726364136
0.7831395268440247
0.08217468857765198
0.0965513214468956
0.3049667179584503
0.20968763530254364
0.30973827838897705
0.01989562250673771
0.9559183120727539
0.04094218835234642
0.029234131798148155
0.02167341858148575
0.03492385149002075
0.01022268459200859
0.0751592367887497
0.10947997123003006
0.3308778703212738
0.06180281564593315
0.31564465165138245
0.7622072696685791
0.014015805907547474
0.014578196220099926
0.2991160452365875
0.6170472502708435
0.007381571922451258
0.5709943175315857
0.0407925546169281
0.40911921858787537
0.060942888259887695
0.004617567639797926
0.40706774592399597
0.039834484457969666
0.0036015056539326906
0.2737419307231903
0.38913872838020325
0.6685576438903809
0.570996880531311
0.1457810252904892
0.047196853905916214
0.012041592039167881
0.026055345311760902
0.016243813559412956
0.022155417129397392
0.04265505075454712
0.08464077115058899
0.01221012044698
0.07776730507612228
0.14662079513072968
0.0676235482096672
0.027070367708802223
0.17553557455539703
0.122125543653965
0.030677691102027893
0.10600841045379639
0.026019660755991936
0.022038253024220467
0.43978726863861084
0.041937123984098434
0.025029318407177925
0.08272673189640045
0.10401623696088791
0.46091797947883606
0.346768856048584
0.22976477444171906
0.7613427639007568
0.3246084749698639
0.031396426260471344
0.0322672538459301
0.03896435722708702
0.00966879166662693
0.03672410547733307
0.36029163002967834
0.36423739790916443
0.01193172950297594
0.21410144865512848
0.8253706097602844
0.561960756778717
0.010818938724696636
0.005295203533023596
0.3239597976207733
0.0016556844348087907
0.07126926630735397
0.2505723536014557
0.9444568753242493
0.7965754866600037
0.8807401657104492
0.08163649588823318
0.026761233806610107
0.0148227633908391
0.01930745132267475
0.3671301305294037
0.015463086776435375
0.2852461040019989
0.008372001349925995
0.5777841210365295
0.14808568358421326
0.05879875645041466
0.0413743294775486
0.023307526484131813
0.3004586398601532
0.05504870414733887
0.04541401565074921
0.06392573565244675
0.02833779901266098
0.004847497213631868
0.02088341861963272
0.09173611551523209
0.6521036028862
0.7869401574134827
0.4051631987094879
0.6803547739982605
0.30529654026031494
0.007693277206271887
0.45374608039855957
0.03207634761929512
0.20460157096385956
0.07002585381269455
0.6719083786010742
0.15909256041049957
0.038928426802158356
0.12641893327236176
0.05867939069867134
0.11794376373291016
0.1422586590051651
0.3179332911968231
0.42512258887290955
0.5927135348320007
0.6353511214256287
0.6856822967529297
0.2721872925758362
0.014813029207289219
0.05547286197543144
0.02240009605884552
0.0030611844267696142
0.5958796143531799
0.05984437093138695
0.14092253148555756
0.024551555514335632
0.2608128488063812
0.04078751057386398
0.38861989974975586
0.8721317648887634
0.11068198829889297
0.04217563197016716
0.016997534781694412
0.07579680532217026
0.9605135917663574
0.9736794829368591
0.4248066842556
0.01803184114396572
0.003105409676209092
0.39277657866477966
0.32932770252227783
0.06291881203651428
0.13931585848331451
0.11107117682695389
0.013713493011891842
0.007381587754935026
0.08941780775785446
0.5164852738380432
0.01808304339647293
0.04895423725247383
0.11177480220794678
0.03912828117609024
0.019866378977894783
0.05836958810687065
0.7106010317802429
0.009113621897995472
0.1426502764225006
0.1066708192229271
0.2589024603366852
0.27151384949684143
0.327634334564209
0.0702657476067543
0.04350186511874199
0.05175497755408287
0.08125576376914978
0.9864317774772644
0.9847996830940247
0.9592346549034119
0.02554345689713955
0.5755260586738586
0.02331577241420746
0.08248355239629745
0.0311217550188303
0.12211986631155014
0.26367005705833435
0.00976424291729927
0.06411737203598022
0.23656785488128662
0.12137474864721298
0.11518171429634094
0.02705448307096958
0.008648930117487907
0.7126633524894714
0.33326423168182373
0.028350383043289185
0.3361661434173584
0.19558383524417877
0.07345255464315414
0.03841530159115791
0.09614232182502747
0.02613617479801178
0.06632387638092041
0.07053043693304062
0.8010907173156738
0.07216917723417282
0.1936825066804886
0.036300178617239
0.024895088747143745
0.04878697171807289
0.0303801316767931
0.7119705677032471
0.0487431176006794
0.026791246607899666
0.011822170577943325
0.023386016488075256
0.027313070371747017
0.501029908657074
0.03393631428480148
0.06364160031080246
0.16252589225769043
0.09157051891088486
0.018063200637698174
0.22633083164691925
0.13110651075839996
0.005482171196490526
0.035709548741579056
0.040583960711956024
0.021435849368572235
0.2622983753681183
0.04563869908452034
0.021156257018446922
0.07410166412591934
0.16378352046012878
0.2037932127714157
0.5122472643852234
0.5617907643318176
0.00777767738327384
0.010345307178795338
0.0415794737637043
0.07847046107053757
0.06526533514261246
0.05528824403882027
0.17783506214618683
0.0806194618344307
0.19985616207122803
0.01923045702278614
0.5721548199653625
0.9884324073791504
0.971642792224884
0.9334866404533386
0.3508263826370239
0.010649953968822956
0.026829758659005165
0.1808536797761917
0.4246448278427124
0.2912692129611969
0.13228166103363037
0.12368770688772202
0.09025178104639053
0.6453371644020081
0.02551496960222721
0.06154968962073326
0.9211146831512451
0.009067547507584095
0.06268474459648132
0.049681100994348526
0.9817636609077454
0.8049371838569641
0.012430268339812756
0.21776314079761505
0.5861480832099915
0.548516571521759
0.5013694167137146
0.14675956964492798
0.0070525784976780415
0.08977261930704117
0.1947268694639206
0.43965086340904236
0.43966296315193176
0.018610922619700432
0.5593554973602295
0.05310488119721413
0.34454116225242615
0.009030341170728207
0.6698018908500671
0.7448632121086121
0.9130404591560364
0.016224028542637825
0.5054808259010315
0.2391495555639267
0.8110561966896057
0.18432722985744476
0.15186433494091034
0.00810879748314619
0.22496311366558075
0.019030379131436348
0.04800483584403992
0.27860182523727417
0.1763237714767456
0.027889465913176537
0.09340360760688782
0.8758165240287781
0.16701960563659668
0.015901828184723854
0.20841850340366364
0.9221604466438293
0.20248250663280487
0.6073139309883118
0.3454013764858246
0.049384236335754395
0.3220556974411011
0.0956200435757637
0.4934181869029999
0.23239874839782715
0.05880754068493843
0.559986412525177
0.031907666474580765
0.10615700483322144
0.29158538579940796
0.24817967414855957
0.006094756070524454
0.5727119445800781
0.19978933036327362
0.15461255609989166
0.027553299441933632
0.03726962208747864
0.11519590765237808
0.0444873571395874
0.013263278640806675
0.006623081862926483
0.054723117500543594
0.030696004629135132
0.015192373655736446
0.003889799350872636
0.030110396444797516
0.0182619858533144
0.6975135207176208
0.20701013505458832
0.0435602031648159
0.3588089644908905
0.03312753513455391
0.00287835206836462
0.024202920496463776
0.7972186207771301
0.5999976992607117
0.5243939161300659
0.5786043405532837
0.6771214604377747
0.707269012928009
0.6121997237205505
0.8477339744567871
0.8945879936218262
0.4792371988296509
0.9688401222229004
0.6457856893539429
0.374525785446167
0.6228533387184143
0.9010196328163147
0.6050689816474915
0.00913201179355383
0.013173309154808521
0.8078420758247375
0.7390404343605042
0.017916176468133926
0.8392198085784912
0.9042189717292786
0.018034515902400017
0.03540322557091713
0.012357734143733978
0.9181275367736816
0.7160069346427917
0.05839824303984642
0.7908732295036316
0.29130011796951294
0.11679649353027344
0.35801777243614197
0.009330179542303085
0.05384363234043121
0.100603848695755
0.9019139409065247
0.8414058685302734
0.06116361916065216
0.027409948408603668
0.17164142429828644
0.06386160105466843
0.059223245829343796
0.12212548404932022
0.07492668181657791
0.6297764182090759
0.6243470311164856
0.017649034038186073
0.6856086850166321
0.0433795191347599
0.11330870538949966
0.1858345866203308
0.4296782314777374
0.41969844698905945
0.08484998345375061
0.11244556307792664
0.018078463152050972
0.01878807507455349
0.10518237948417664
0.0024461583234369755
0.17804187536239624
0.134599968791008
0.7277553677558899
0.8108161091804504
0.5317894816398621
0.8419947624206543
0.03842857852578163
0.046892549842596054
0.14569877088069916
0.430018812417984
0.004067753441631794
0.008678902871906757
0.007388550788164139
0.005729734897613525
0.0010945320827886462
0.0016081146895885468
0.006144154816865921
0.003366592340171337
0.0768190249800682
0.06895320862531662
0.0031996530015021563
0.09430990368127823
0.013889912515878677
0.39147529006004333
0.0028112968429923058
0.2813189923763275
0.35646939277648926
0.36419913172721863
0.2919137477874756
0.24681341648101807
0.011011823080480099
0.047331660985946655
0.019823454320430756
0.00468820845708251
0.16795669496059418
0.006131356582045555
0.027642561122775078
0.6716083884239197
0.007284643594175577
0.009471888653934002
0.9858064651489258
0.05833996832370758
0.3550512492656708
0.03039638139307499
0.5032769441604614
0.4464913308620453
0.49805378913879395
0.30390334129333496
0.48527345061302185
0.289591908454895
0.06092185154557228
0.8915885090827942
0.7756168246269226
0.018974535167217255
0.07981882244348526
0.6863081455230713
0.2707180082798004
0.01694106124341488
0.6412913203239441
0.048630014061927795
0.0520576536655426
0.6855664849281311
0.021310919895768166
0.008109070360660553
0.434957891702652
0.006394050549715757
0.4445207118988037
0.046789269894361496
0.311016708612442
0.29898419976234436
0.11939354985952377
0.0019524215022101998
0.4168585538864136
0.8325943350791931
0.7145479321479797
0.33447620272636414
0.4139176905155182
0.5972349643707275
0.010680951178073883
0.09951218217611313
0.07717401534318924
0.0371028296649456
0.5239636301994324
0.13795387744903564
0.005779547151178122
0.016227969899773598
0.003356148488819599
0.01586076430976391
0.04498313367366791
0.0037580395583063364
0.008517921902239323
0.0446627251803875
0.030436871573328972
0.10420685261487961
0.13886021077632904
0.007858612574636936
0.3661762773990631
0.23696279525756836
0.01895025186240673
0.038425546139478683
0.003339978866279125
0.04070267453789711
0.03878325596451759
0.02907540090382099
0.04957802593708038
0.04110761359333992
0.9077293276786804
0.0030783507972955704
0.6723119616508484
0.03983516991138458
0.014576703310012817
0.9071858525276184
0.034382183104753494
0.8229362368583679
0.009650503285229206
0.8265191912651062
0.7200130820274353
0.3460749089717865
0.6486068367958069
0.0033254947047680616
0.08507263660430908
0.026077834889292717
0.024454491212964058
0.017588354647159576
0.26309439539909363
0.008435752242803574
0.006603116635233164
0.09794300049543381
0.5529702305793762
0.7533695697784424
0.032885413616895676
0.010854429565370083
0.008077766746282578
0.9220029711723328
0.013994953595101833
0.028204916045069695
0.03398637846112251
0.09095937758684158
0.8941669464111328
0.9238291382789612
0.04383724555373192
0.7629087567329407
0.7914655804634094
0.3783372640609741
0.11946552991867065
0.12280359119176865
0.7089009881019592
0.13445204496383667
0.022957345470786095
0.009815041907131672
0.019397558644413948
0.0053455582819879055
0.05891008302569389
0.06651818007230759
0.01744292676448822
0.007947764359414577
0.5196790099143982
0.3890441358089447
0.009765530936419964
0.08812180161476135
0.753667414188385
0.405553936958313
0.04014169052243233
0.02998870424926281
0.4036562442779541
0.28762632608413696
0.26547524333000183
0.10339506715536118
0.009106937795877457
0.029670698568224907
0.03690476343035698
0.3462238013744354
0.7038817405700684
0.06339283287525177
0.017713626846671104
0.8342298865318298
0.15209662914276123
0.011058952659368515
0.13240736722946167
0.012468514032661915
0.26303747296333313
0.42551764845848083
0.555345356464386
0.060457926243543625
0.11424604803323746
0.018646595999598503
0.016617782413959503
0.2989300787448883
0.20027345418930054
0.4429372549057007
0.02478746511042118
0.004080253187566996
0.10599711537361145
0.5995003581047058
0.06662698835134506
0.08798471093177795
0.025309177115559578
0.006986766587942839
0.04086871072649956
0.0064392597414553165
0.06819083541631699
0.033535830676555634
0.04967304691672325
0.14617721736431122
0.0465465784072876
0.03853987157344818
0.7340707778930664
0.4425712823867798
0.5580471158027649
0.03105262666940689
0.01556627918034792
0.1311875879764557
0.007256642449647188
0.1863555908203125
0.02170136757194996
0.9536986947059631
0.961789608001709
0.024408571422100067
0.0033656908199191093
0.006428264081478119
0.04818281531333923
0.00454677501693368
0.059749435633420944
0.04526020586490631
0.03022586740553379
0.04293146729469299
0.02341388165950775
0.10565441846847534
0.13181337714195251
0.053901687264442444
0.1456579715013504
0.186404749751091
0.011955511756241322
0.01734490878880024
0.09286380559206009
0.03891376033425331
0.00432699965313077
0.086879201233387
0.976896345615387
0.9398603439331055
0.9609515070915222
0.075906902551651
0.04770401492714882
0.4918934404850006
0.9697554111480713
0.9705750942230225
0.016892140731215477
0.006449773907661438
0.013987830840051174
0.738381564617157
0.020619245246052742
0.004116659518331289
0.044488344341516495
0.009332221932709217
0.031693216413259506
0.015619396232068539
0.004325328394770622
0.0054429140873253345
0.006553045008331537
0.5960816740989685
0.42990806698799133
0.0033294104505330324
0.008400237187743187
0.43834003806114197
0.00942689273506403
0.9218479990959167
0.9465835690498352
0.051009487360715866
0.0914633646607399
0.03294990584254265
0.015339654870331287
0.015800803899765015
0.34329357743263245
0.4838608205318451
0.07792877405881882
0.06281455606222153
0.006437548901885748
0.017362898215651512
0.8343316912651062
0.9555297493934631
0.9511268734931946
0.9863162636756897
0.7551071047782898
0.24058449268341064
0.003382837399840355
0.030467696487903595
0.766652524471283
0.9654892086982727
0.9642126560211182
0.9160612225532532
0.9236974716186523
0.015164777636528015
0.0035401713103055954
0.848977267742157
0.005235657095909119
0.02216741256415844
0.032645974308252335
0.9329900145530701
0.008342606015503407
0.003272399539127946
0.027112459763884544
0.09967255592346191
0.08007001876831055
0.011233790777623653
0.05434229597449303
0.020998084917664528
0.0294145867228508
0.7893844246864319
0.014175797812640667
0.8601083755493164
0.02097717486321926
0.9847771525382996
0.9776108264923096
0.6120732426643372
0.864567756652832
0.2700357735157013
0.15786737203598022
0.20221400260925293
0.17452402412891388
0.024530285969376564
0.022505110129714012
0.048613738268613815
0.49576592445373535
0.8132287859916687
0.013585686683654785
0.2827405333518982
0.14465762674808502
0.04643379524350166
0.9760003089904785
0.027624869719147682
0.6735755801200867
0.29648837447166443
0.9343660473823547
0.7728928923606873
0.9944564700126648
0.9882192611694336
0.9874973297119141
0.9884719848632812
0.8637519478797913
0.36547422409057617
0.03854098543524742
0.7778034806251526
0.040981475263834
0.13508214056491852
0.8188440799713135
0.10478172451257706
0.03399791941046715
0.17812971770763397
0.016105784103274345
0.28029945492744446
0.02292400784790516
0.021700339391827583
0.01611214689910412
0.5499597191810608
0.04910460114479065
0.007148489821702242
0.07017537951469421
0.18850044906139374
0.2147112637758255
0.15060800313949585
0.050987426191568375
0.1957179754972458
0.022926121950149536
0.14820672571659088
0.31063249707221985
0.441353440284729
0.010177550837397575
0.11393163353204727
0.013256127946078777
0.12074478715658188
0.6053341627120972
0.013425870798528194
0.05352083966135979
0.16547606885433197
0.056142404675483704
0.04958471283316612
0.0300839114934206
0.5613375306129456
0.04742695391178131
0.016400858759880066
0.9841461777687073
0.9817584156990051
0.3058144748210907
0.028344256803393364
0.40164920687675476
0.13973194360733032
0.3625221252441406
0.005183301400393248
0.09716245532035828
0.8088734149932861
0.05653233453631401
0.04081486910581589
0.6278592348098755
0.2410130500793457
0.01889657787978649
0.01169783715158701
0.0369480736553669
0.1451968401670456
0.04691220447421074
0.0640798807144165
0.7422598004341125
0.5354917645454407
0.6526505351066589
0.02762640453875065
0.37791725993156433
0.12674100697040558
0.06473784148693085
0.06503849476575851
0.003795321099460125
0.00924020167440176
0.002104660263285041
0.005483843386173248
0.017155330628156662
0.09707217663526535
0.013137719593942165
0.10580047219991684
0.018874231725931168
0.2800203561782837
0.14671306312084198
0.07222480326890945
0.008936448954045773
0.01625906489789486
0.0329110287129879
0.18517561256885529
0.017938192933797836
0.029139123857021332
0.0028611014131456614
0.03637407720088959
0.33520111441612244
0.004162344615906477
0.01561261247843504
0.1118580624461174
0.06101156398653984
0.5487794876098633
0.10881984978914261
0.06402058154344559
0.006638556253165007
0.09741473197937012
0.006039384752511978
0.006529035046696663
0.006404210347682238
0.06527630239725113
0.022929586470127106
0.4236193597316742
0.10521137714385986
0.7321966290473938
0.37336423993110657
0.24482987821102142
0.03678688779473305
0.6785576343536377
0.049606889486312866
0.4786350429058075
0.08193778991699219
0.7297430634498596
0.08021043241024017
0.027599552646279335
0.21333491802215576
0.006876200903207064
0.00850831437855959
0.09453322738409042
0.1291486918926239
0.01581493578851223
0.18403585255146027
0.017507806420326233
0.14936323463916779
0.175774946808815
0.03493059054017067
0.04314175248146057
0.006044773384928703
0.014369282871484756
0.013463628478348255
0.3961224853992462
0.9772443771362305
0.9770414233207703
0.6609295010566711
0.36791202425956726
0.0018069703364744782
0.045835454016923904
0.05135272070765495
0.023459216579794884
0.02232116274535656
0.05156657472252846
0.0844360962510109
0.0532548725605011
0.592621386051178
0.014751795679330826
0.008571126498281956
0.9119790196418762
0.06420315057039261
0.020790791139006615
0.15693189203739166
0.10004109889268875
0.012317356653511524
0.012608465738594532
0.09163209050893784
0.1758027821779251
0.04105755314230919
0.189969003200531
0.34220191836357117
0.019689790904521942
0.01755562610924244
0.09569773077964783
0.07494965195655823
0.0249591376632452
0.01118332426995039
0.5730130076408386
0.020988034084439278
0.05742150545120239
0.2859478294849396
0.02313491888344288
0.006328380201011896
0.054124388843774796
0.21034686267375946
0.07563284784555435
0.03253086656332016
0.39326295256614685
0.02377834916114807
0.0030709451530128717
0.05029608681797981
0.028600042685866356
0.8514836430549622
0.03037056140601635
0.014350355602800846
0.027348460629582405
0.05624992027878761
0.09680552035570145
0.22128994762897491
0.016146665439009666
0.013208497315645218
0.29315581917762756
0.007695918902754784
0.02031514421105385
0.009847541339695454
0.004532670136541128
0.39474520087242126
0.018963146954774857
0.01608903519809246
0.09912360459566116
0.0741204097867012
0.10915380716323853
0.030985502526164055
0.1382180154323578
0.01189277321100235
0.015591240487992764
0.021373629570007324
0.2164994478225708
0.019080916419625282
0.014407027512788773
0.019264260306954384
0.07806801050901413
0.14204037189483643
0.09130039811134338
0.05436043068766594
0.08696257323026657
0.09297025203704834
0.15816271305084229
0.040942344814538956
0.12491592019796371
0.11786425113677979
0.3833470344543457
0.6251128315925598
0.012141857296228409
0.026464393362402916
0.03328964486718178
0.00446686614304781
0.005608216393738985
0.2581973373889923
0.03864945098757744
0.06116388738155365
0.3791283369064331
0.03306155279278755
0.07070071250200272
0.08475157618522644
0.11258065700531006
0.03802947327494621
0.07347144931554794
0.1638547033071518
0.04943085089325905
0.10388841480016708
0.9842481017112732
0.9527475237846375
0.9674990773200989
0.03225693479180336
0.007923186756670475
0.14976294338703156
0.8042290210723877
0.8461030125617981
0.0740116536617279
0.2205607295036316
0.25377723574638367
0.4395969808101654
0.5112946033477783
0.49504509568214417
0.07411590218544006
0.4238085448741913
0.9552434086799622
0.6962831616401672
0.009719897992908955
0.146027073264122
0.04341692104935646
0.01023124996572733
0.06544969230890274
0.7584593892097473
0.6110777854919434
0.07319901138544083
0.08341958373785019
0.2258826047182083
0.0663856491446495
0.004494910594075918
0.026956362649798393
0.03438078239560127
0.008060554042458534
0.02156786434352398
0.2055600881576538
0.6107258200645447
0.045025765895843506
0.5125327110290527
0.023368926718831062
0.19791603088378906
0.07702230662107468
0.021675236523151398
0.2895278334617615
0.5006316900253296
0.012171432375907898
0.6169446110725403
0.09920183569192886
0.029598211869597435
0.873542308807373
0.6203535199165344
0.28186917304992676
0.7170254588127136
0.317852646112442
0.6066327691078186
0.9881440997123718
0.511420726776123
0.001460554893128574
0.7862580418586731
0.19709302484989166
0.6451541185379028
0.49890199303627014
0.06982388347387314
0.07711220532655716
0.030528640374541283
0.03283676132559776
0.041334185749292374
0.0484963059425354
0.3348309099674225
0.1399754285812378
0.005327689927071333
0.03476802259683609
0.21032403409481049
0.058857619762420654
0.10394620895385742
0.10164662450551987
0.07202363014221191
0.10895457863807678
0.3064516484737396
0.24060757458209991
0.04763312637805939
0.7223610281944275
0.5093972682952881
0.017747214064002037
0.0028919242322444916
0.5796297192573547
0.06398215889930725
0.2172560691833496
0.033670905977487564
0.19036288559436798
0.13924680650234222
0.43550077080726624
0.07093475759029388
0.0987846851348877
0.043949469923973083
0.33961281180381775
0.042523112148046494
0.013240878470242023
0.012191626243293285
0.095892034471035
0.27629226446151733
0.3794942796230316
0.7531918883323669
0.02742449939250946
0.0315503291785717
0.1068773865699768
0.026839880272746086
0.03258850425481796
0.06450449675321579
0.015096045099198818
0.2758365869522095
0.0417761355638504
0.9038001894950867
0.6575746536254883
0.64776211977005
0.854520320892334
0.8673732876777649
0.6974601149559021
0.6780006289482117
0.019067449495196342
0.04319322109222412
0.8907315135002136
0.6833155155181885
0.6497649550437927
0.015357938595116138
0.133777916431427
0.10625720024108887
0.026172535493969917
0.024297690019011497
0.05984680354595184
0.8511143326759338
0.03874601423740387
0.014024601317942142
0.9275896549224854
0.38252267241477966
0.6681516766548157
0.5518537163734436
0.022567259147763252
0.06673282384872437
0.11534542590379715
0.14453108608722687
0.023903703317046165
0.5899200439453125
0.11121592670679092
0.07794006913900375
0.17564772069454193
0.5725434422492981
0.8238186836242676
0.04606197774410248
0.03921423852443695
0.4950424134731293
0.052661001682281494
0.04212886095046997
0.06158265098929405
0.19555795192718506
0.02035454846918583
0.14686264097690582
0.011970683000981808
0.43478572368621826
0.016558177769184113
0.17439709603786469
0.8041813969612122
0.030452614650130272
0.007084904238581657
0.5182731747627258
0.16304925084114075
0.20809412002563477
0.5197731256484985
0.12153180688619614
0.5598602890968323
0.0317038930952549
0.08070788532495499
0.8935933709144592
0.05808129534125328
0.049431875348091125
0.08632517606019974
0.07467101514339447
0.08194208145141602
0.03093239851295948
0.03672941401600838
0.1380690187215805
0.024790704250335693
0.04914921522140503
0.20285415649414062
0.16633807122707367
0.0639069452881813
0.23734545707702637
0.2795569598674774
0.009443228133022785
0.06103929504752159
0.06418079882860184
0.08984235674142838
0.0012991254916414618
0.019640667364001274
0.055378448218107224
0.06479465216398239
0.05957339331507683
0.05076994001865387
0.004347281064838171
0.0041718753054738045
0.14097876846790314
0.030339809134602547
0.0984683409333229
0.024453995749354362
0.17341190576553345
0.02789870649576187
0.22250895202159882
0.9628592133522034
0.036298442631959915
0.07680899649858475
0.09722480922937393
0.0030923543963581324
0.08643742650747299
0.013363293372094631
0.03550684079527855
0.37595614790916443
0.022915685549378395
0.5572376251220703
0.017226679250597954
0.014663969166576862
0.003341691568493843
0.20219548046588898
0.009022467769682407
0.4168718159198761
0.049049943685531616
0.5182892084121704
0.779384434223175
0.020194673910737038
0.1199413314461708
0.06131934002041817
0.0795942172408104
0.0487581342458725
0.018194274976849556
0.10324440151453018
0.09409302473068237
0.019758230075240135
0.06741618365049362
0.08946254104375839
0.7328319549560547
0.057758819311857224
0.03015841543674469
0.15034563839435577
0.005182411056011915
0.659938395023346
0.348588228225708
0.026244327425956726
0.08875787258148193
0.21056705713272095
0.017932919785380363
0.18094192445278168
0.013093694113194942
0.06509216874837875
0.015566054731607437
0.005043834913522005
0.012290527112782001
0.07631807774305344
0.01785183511674404
0.05026959255337715
0.024375343695282936
0.00641824072226882
0.330964058637619
0.16088013350963593
0.3121170103549957
0.0716802179813385
0.14920885860919952
0.4869577884674072
0.09837337583303452
0.016155999153852463
0.39796340465545654
0.04658128693699837
0.08008096367120743
0.027190780267119408
0.034559011459350586
0.09475023299455643
0.10021036863327026
0.11139825731515884
0.36144745349884033
0.11254452913999557
0.24809332191944122
0.2145736962556839
0.9501894116401672
0.01813589595258236
0.07488972693681717
0.013688934035599232
0.05246003344655037
0.00943874940276146
0.012144523672759533
0.004318408202379942
0.00804490689188242
0.009022259153425694
0.019908593967556953
0.5624080300331116
0.011246993206441402
0.0427774079144001
0.05220400169491768
0.004224392119795084
0.16691331565380096
0.016742371022701263
0.03629832714796066
0.25251680612564087
0.08180329948663712
0.4293878972530365
0.24367403984069824
0.018165087327361107
0.06417625397443771
0.011636418290436268
0.26758918166160583
0.008101285435259342
0.051484208554029465
0.01338919997215271
0.0692969411611557
0.5746811032295227
0.5739002227783203
0.036114711314439774
0.039188679307699203
0.06263447552919388
0.09909266233444214
0.25195348262786865
0.07018239051103592
0.1834164261817932
0.04623773694038391
0.0400547981262207
0.01361935306340456
0.2766493260860443
0.014906060881912708
0.052147191017866135
0.027665426954627037
0.04344254732131958
0.13658557832241058
0.003799068508669734
0.1435021162033081
0.12110807746648788
0.11361941695213318
0.014783002436161041
0.1441376954317093
0.16713960468769073
0.21891461312770844
0.08144062757492065
0.0014219949953258038
0.03877907991409302
0.011899679899215698
0.004351598676294088
0.08308209478855133
0.026461832225322723
0.5650479197502136
0.028321856632828712
0.07581202685832977
0.116062693297863
0.23757784068584442
0.23709528148174286
0.06171388924121857
0.014354282058775425
0.027169732376933098
0.041819218546152115
0.24364088475704193
0.0054556336253881454
0.9172578454017639
0.019432222470641136
0.007731060031801462
0.18404246866703033
0.4615437984466553
0.04222743213176727
0.0924641564488411
0.02061588130891323
0.23567073047161102
0.00782062765210867
0.0823751911520958
0.007604375947266817
0.0060750399716198444
0.0035784959327429533
0.027612024918198586
0.0064477939158678055
0.17956621944904327
0.07018596678972244
0.03421437367796898
0.003543419996276498
0.043694257736206055
0.006037826184183359
0.008039374835789204
0.0070688240230083466
0.2531273066997528
0.7805023789405823
0.08169547468423843
0.00932945217937231
0.23779833316802979
0.05055790767073631
0.5323700904846191
0.05663175880908966
0.36823439598083496
0.09335947036743164
0.11470690369606018
0.06358999013900757
0.26985839009284973
0.06834939867258072
0.0496704988181591
0.02877250872552395
0.025737417861819267
0.00966337975114584
0.16770248115062714
0.01836475543677807
0.1175450012087822
0.6099005341529846
0.6600993275642395
0.013502710498869419
0.06873927265405655
0.06943213939666748
0.20228636264801025
0.05441863462328911
0.013803665526211262
0.04956302046775818
0.06170742213726044
0.40955376625061035
0.9430505633354187
0.11808701604604721
0.06140730157494545
0.1770934909582138
0.13556517660617828
0.02990277297794819
0.011476933024823666
0.013255358673632145
0.31434324383735657
0.3023584187030792
0.1605391949415207
0.15457658469676971
0.39087268710136414
0.0507441945374012
0.018126986920833588
0.19201284646987915
0.05158497020602226
0.2603578567504883
0.023656263947486877
0.06921089440584183
0.3060070872306824
0.05938352644443512
0.06062498316168785
0.029693610966205597
0.025836369022727013
0.055034298449754715
0.11294114589691162
0.1905718594789505
0.052050311118364334
0.5231108665466309
0.029137680307030678
0.06358528882265091
0.027697110548615456
0.16110838949680328
0.3196030557155609
0.061327580362558365
0.04914840683341026
0.023014036938548088
0.09316883236169815
0.10219744592905045
0.02417653612792492
0.12753348052501678
0.12944692373275757
0.19000144302845
0.05454350635409355
0.2325482964515686
0.02222740836441517
0.13444487750530243
0.017768291756510735
0.024302102625370026
0.008711877278983593
0.006238579750061035
0.02600334770977497
0.14408519864082336
0.09054946899414062
0.005596641451120377
0.012379661202430725
0.02026049606502056
0.06984252482652664
0.10306058079004288
0.018355486914515495
0.010668564587831497
0.011422033421695232
0.004949645604938269
0.011437890119850636
0.12461012601852417
0.05050450935959816
0.010475177317857742
0.1267562210559845
0.17366771399974823
0.0030644480139017105
0.00581098860129714
0.11571043729782104
0.02366555668413639
0.024397939443588257
0.05062655732035637
0.017255978658795357
0.039950892329216
0.017911354079842567
0.04585614800453186
0.19252745807170868
0.17332439124584198
0.3635075092315674
0.645779550075531
0.11953767389059067
0.03620295599102974
0.21859697997570038
0.06209845840930939
0.04925687983632088
0.003658372675999999
0.0809406265616417
0.11797801405191422
0.1785295158624649
0.029835999011993408
0.06534913927316666
0.13441790640354156
0.1048678532242775
0.03948330879211426
0.042494554072618484
0.20415706932544708
0.5526310205459595
0.14259690046310425
0.5458618402481079
0.05508976802229881
0.0037414098624140024
0.12954576313495636
0.030500754714012146
0.10496965795755386
0.628288984298706
0.18180714547634125
0.5488241314888
0.11214587837457657
0.007367406040430069
0.11425774544477463
0.011240174062550068
0.12212301045656204
0.017971768975257874
0.03573230281472206
0.07504606992006302
0.02511928416788578
0.020496578887104988
0.14266811311244965
0.002650684677064419
0.48221054673194885
0.05205995962023735
0.019565004855394363
0.008545243181288242
0.05429358407855034
0.22067053616046906
0.024977652356028557
0.018610477447509766
0.14511911571025848
0.01156574860215187
0.01884317398071289
0.10715939849615097
0.014256722293794155
0.026047101244330406
0.17848964035511017
0.07366053760051727
0.10685235261917114
0.0023201503790915012
0.029006004333496094
0.05419744923710823
0.004642360378056765
0.028837189078330994
0.008215547539293766
0.013449478894472122
0.062142062932252884
0.036338478326797485
0.04370275139808655
0.03700411692261696
0.052451688796281815
0.005107616540044546
0.30810871720314026
0.011080374009907246
0.025900080800056458
0.1258188635110855
0.045275792479515076
0.3153376579284668
0.01722654700279236
0.004193186294287443
0.030934125185012817
0.02478252910077572
0.07709979265928268
0.06619573384523392
0.044438257813453674
0.07172567397356033
0.15231704711914062
0.14744418859481812
0.007581764832139015
0.021918902173638344
0.015544109046459198
0.03268586844205856
0.007265076506882906
0.05211615934967995
0.035393036901950836
0.034058455377817154
0.16036106646060944
0.49475327134132385
0.07893364876508713
0.010717872530221939
0.1364470273256302
0.0032896401826292276
0.13435541093349457
0.14117901027202606
0.07487111538648605
0.012329996563494205
0.015687240287661552
0.007391842547804117
0.07333125174045563
0.023779520764946938
0.01472895685583353
0.1040809229016304
0.030070191249251366
0.04873444512486458
0.013291622512042522
0.015688197687268257
0.013959371484816074
0.028905050829052925
0.022873101755976677
0.017244841903448105
0.026873908936977386
0.01879517175257206
0.021133525297045708
0.037639837712049484
0.16283653676509857
0.01100644189864397
0.03191354498267174
0.012067767791450024
0.012468232773244381
0.06928393989801407
0.019980566576123238
0.22929100692272186
0.1801719218492508
0.05578535795211792
0.07829662412405014
0.11259911209344864
0.011300577782094479
0.05114532634615898
0.08453688025474548
0.0323798768222332
0.013402559794485569
0.045045237988233566
0.013501852750778198
0.05520310997962952
0.37043657898902893
0.008986737579107285
0.0087159788236022
0.008989494293928146
0.01597178354859352
0.03382067009806633
0.10430271178483963
0.013422525487840176
0.003469290444627404
0.01333900261670351
0.041031066328287125
0.05187821388244629
0.06444522738456726
0.0026569950859993696
0.1575574278831482
0.015256553888320923
0.02079988270998001
0.2708102762699127
0.09782882779836655
0.028311273083090782
0.7333490252494812
0.03356539085507393
0.17387883365154266
0.0018143942579627037
0.06847602874040604
0.20452868938446045
0.26031288504600525
0.0434417724609375
0.050701141357421875
0.3255341351032257
0.012159974314272404
0.10062506794929504
0.02832867205142975
0.14707998931407928
0.48018884658813477
0.48572278022766113
0.003983291797339916
0.040015220642089844
0.04905257746577263
0.009189654141664505
0.22921381890773773
0.030565554276108742
0.02706701122224331
0.1066928431391716
0.11860436946153641
0.17840571701526642
0.009868563152849674
0.45931002497673035
0.012827432714402676
0.09568949788808823
0.2162962406873703
0.02602611482143402
0.13575828075408936
0.04230261966586113
0.22549255192279816
0.20730461180210114
0.0402500219643116
0.16171161830425262
0.02620869316160679
0.010209410451352596
0.130579873919487
0.14676888287067413
0.423048734664917
0.13991771638393402
0.014305979013442993
0.0067493305541574955
0.036809273064136505
0.01365380734205246
0.441509485244751
0.043882980942726135
0.029086150228977203
0.022374719381332397
0.009348147548735142
0.02359054982662201
0.16555653512477875
0.023331910371780396
0.03763258457183838
0.05264459177851677
0.03513488173484802
0.0014963616849854589
0.05741245672106743
0.09314265847206116
0.181670144200325
0.03647913038730621
0.07918604463338852
0.09976723790168762
0.20740963518619537
0.06672178953886032
0.08698368072509766
0.04214509204030037
0.03748328983783722
0.012999859638512135
0.011772909201681614
0.008126202039420605
0.001984725473448634
0.1682053804397583
0.03466306999325752
0.018313774839043617
0.061481088399887085
0.003159624757245183
0.01195493619889021
0.005351523403078318
0.024881010875105858
0.04066406562924385
0.15084773302078247
0.04597468301653862
0.11078768223524094
0.04529420658946037
0.35156798362731934
0.011823806911706924
0.5837883353233337
0.06530348211526871
0.016679903492331505
0.04810909926891327
0.01893513835966587
0.07366547733545303
0.13225378096103668
0.022886766120791435
0.04945703223347664
0.00804715696722269
0.014857730828225613
0.030258364975452423
0.03326360508799553
0.03161485865712166
0.07710274308919907
0.1921224445104599
0.015592332929372787
0.05048768222332001
0.01873091794550419
0.1931593269109726
0.2760465443134308
0.46182239055633545
0.04943230375647545
0.10382276773452759
0.04213538393378258
0.0031434521079063416
0.18008457124233246
0.06747612357139587
0.3433225154876709
0.113190196454525
0.09952651709318161
0.015038728713989258
0.01825682260096073
0.06903469562530518
0.10224685817956924
0.006068122107535601
0.05117572471499443
0.07006629556417465
0.023977607488632202
0.031157441437244415
0.012463160790503025
0.6089773178100586
0.07560127973556519
0.0010877117747440934
0.035161811858415604
0.27430763840675354
0.014316979795694351
0.10805827379226685
0.01800655387341976
0.03186854347586632
0.10328374058008194
0.04887710139155388
0.01847114972770214
0.011936485767364502
0.03141608461737633
0.0259026437997818
0.02995714731514454
0.017463872209191322
0.02692432515323162
0.010042528621852398
0.0023322878405451775
0.018000097945332527
0.03782697394490242
0.019472364336252213
0.47470271587371826
0.008748031221330166
0.009266882203519344
0.01900850422680378
0.011504832655191422
0.022273553535342216
0.0787825807929039
0.008233796805143356
0.2276567816734314
0.004903439898043871
0.00915656890720129
0.015410859137773514
0.20114469528198242
0.3743600845336914
0.011453150771558285
0.07986876368522644
0.01169223990291357
0.03454335778951645
0.04524001479148865
0.3428322970867157
0.19703499972820282
0.15018874406814575
0.24432890117168427
0.3649192750453949
0.019529087468981743
0.06098296865820885
0.19471251964569092
0.005692030768841505
0.25602999329566956
0.10654383152723312
0.05655387043952942
0.008030552417039871
0.028130963444709778
0.033898718655109406
0.007970847189426422
0.030970392748713493
0.01680000312626362
0.0156939048320055
0.5996167063713074
0.13931973278522491
0.011898145079612732
0.04118993505835533
0.27037107944488525
0.06803150475025177
0.08793007582426071
0.03125208243727684
0.2262640744447708
0.34003761410713196
0.253324419260025
0.216252863407135
0.022250039502978325
0.706946074962616
0.2855316996574402
0.5747660398483276
0.5014627575874329
0.008364430628716946
0.1847110241651535
0.060027655214071274
0.47835734486579895
0.027569109573960304
0.02488216571509838
0.014214585535228252
0.08856905251741409
0.056697893887758255
0.01704392582178116
0.03155524656176567
0.05485938861966133
0.21635092794895172
0.11739365011453629
0.09062367677688599
0.3191327750682831
0.34066322445869446
0.015435372479259968
0.010858036577701569
0.04156365245580673
0.1989455372095108
0.16650435328483582
0.24236810207366943
0.09261476993560791
0.014237359166145325
0.06489983201026917
0.1258569061756134
0.19301623106002808
0.0596441887319088
0.10690421611070633
0.10423117130994797
0.06102890148758888
0.38206708431243896
0.5968815088272095
0.009983384050428867
0.11569813638925552
0.2463199496269226
0.01894920878112316
0.3360506296157837
0.4882066249847412
0.09534754604101181
0.04516139253973961
0.09649902582168579
0.027854034677147865
0.020696474239230156
0.17038363218307495
0.07702214270830154
0.03870369866490364
0.09472259134054184
0.02834661304950714
0.03895089030265808
0.02167498506605625
0.0020990825723856688
0.010959050618112087
0.00208458979614079
0.10674091428518295
0.0349828265607357
0.061594028025865555
0.0013929150300100446
0.09584560990333557
0.011047128587961197
0.03465547040104866
0.040417250245809555
0.035890448838472366
0.027471857145428658
0.1720779538154602
0.10534540563821793
0.0112109100446105
0.02802293561398983
0.12884244322776794
0.1708344668149948
0.520556628704071
0.04922449216246605
0.0043380302377045155
0.021289357915520668
0.02070261910557747
0.23746295273303986
0.04639825224876404
0.06393099576234818
0.018405871465802193
0.008688737638294697
0.01300086546689272
0.012563888914883137
0.13044394552707672
0.01203101221472025
0.05278791859745979
0.04678688943386078
0.015514694154262543
0.34578773379325867
0.09682291001081467
0.05309854820370674
0.1061147078871727
0.04137713834643364
0.03672059252858162
0.022604040801525116
0.2198951691389084
0.04001590609550476
0.1202676072716713
0.02957865409553051
0.00334166525863111
0.048782795667648315
0.017824456095695496
0.02812647819519043
0.1167660728096962
0.046732187271118164
0.014674936421215534
0.21950854361057281
0.031120553612709045
0.06542593985795975
0.011894707567989826
0.047797832638025284
0.21567194163799286
0.046293262392282486
0.009717337787151337
0.06319065392017365
0.07629729807376862
0.003648062003776431
0.06819764524698257
0.016763873398303986
0.013242765329778194
0.010724741034209728
0.053585249930620193
0.0101258410140872
0.05427843704819679
0.005928412079811096
0.02913013845682144
0.033005475997924805
0.14522604644298553
0.026493841782212257
0.037418678402900696
0.009462869726121426
0.06637495011091232
0.007702756207436323
0.07646847516298294
0.1943579465150833
0.0626147910952568
0.040650203824043274
0.03779718279838562
0.029266297817230225
0.011983513832092285
0.02379794418811798
0.011747539043426514
0.009317736141383648
0.02086046151816845
0.02007424645125866
0.02518041431903839
0.006945440545678139
0.012790829874575138
0.04485638439655304
0.026101142168045044
0.04077247902750969
0.02635340951383114
0.020253511145710945
0.06905805319547653
0.021153507754206657
0.043697256594896317
0.08117770403623581
0.20395296812057495
0.15680061280727386
0.02607935667037964
0.011833918280899525
0.1348956674337387
0.10930600762367249
0.06420893222093582
0.019047634676098824
0.009831670671701431
0.025325359776616096
0.02056615613400936
0.023116445168852806
0.15798009932041168
0.001143131055869162
0.0006594154401682317
0.028973102569580078
0.04159920662641525
0.01534226257354021
0.013674035668373108
0.021649688482284546
0.011549350805580616
0.014113777317106724
0.30520907044410706
0.13973599672317505
0.2342153787612915
0.2513069808483124
0.01464295107871294
0.01566142402589321
0.0040975273586809635
0.3489128649234772
0.03079294227063656
0.02574324421584606
0.03066306747496128
0.24663639068603516
0.16058199107646942
0.011828891932964325
0.3828318119049072
0.052706267684698105
0.049419891089200974
0.00754745164886117
0.02103823609650135
0.1558547019958496
0.05283506214618683
0.06079988554120064
0.39995649456977844
0.10479403287172318
0.4578568935394287
0.02915007621049881
0.005924652796238661
0.14477668702602386
0.009334576316177845
0.026277296245098114
0.019367624074220657
0.015127005986869335
0.07286109775304794
0.0348006971180439
0.04656041041016579
0.05497068166732788
0.018300727009773254
0.02252989076077938
0.04796852543950081
0.04963768646121025
0.4141344726085663
0.005458055064082146
0.003853452391922474
0.010529632680118084
0.07225899398326874
0.0393647626042366
0.031198712065815926
0.14856849610805511
0.023272916674613953
0.016864558681845665
0.11451411247253418
0.026935741305351257
0.010016929358243942
0.024736246094107628
0.04053780809044838
0.29113224148750305
0.22413648664951324
0.22686104476451874
0.17219428718090057
0.013123340904712677
0.1142859235405922
0.05110323801636696
0.0828583613038063
0.025906793773174286
0.08712822198867798
0.055203359574079514
0.060486018657684326
0.07263588905334473
0.024626830592751503
0.017942683771252632
0.11191082000732422
0.04169149696826935
0.04328208044171333
0.019351262599229813
0.12537318468093872
0.042773474007844925
0.20547150075435638
0.018246272578835487
0.05054895579814911
0.17138010263442993
0.053125735372304916
0.22635133564472198
0.4642164707183838
0.2330571860074997
0.02333470620214939
0.0408397801220417
0.002215296495705843
0.021609781309962273
0.26865366101264954
0.007529573980718851
0.10957495123147964
0.004688891116529703
0.06363444775342941
0.030927112326025963
0.02600548230111599
0.022527024149894714
0.07386001199483871
0.07325137406587601
0.02512497641146183
0.04093192145228386
0.12255179136991501
0.013249562121927738
0.030190812423825264
0.04684729501605034
0.026318766176700592
0.032359007745981216
0.03800351917743683
0.07929102331399918
0.12320946902036667
0.04997192695736885
0.07799601554870605
0.15623342990875244
0.054614365100860596
0.03365512937307358
0.04292622208595276
0.12913061678409576
0.04354272410273552
0.008420692756772041
0.024870119988918304
0.07390788942575455
0.02599259652197361
0.007165658753365278
0.02471173368394375
0.0463603138923645
0.11302980035543442
0.12343314290046692
0.014599430374801159
0.011330894194543362
0.14863625168800354
0.027247309684753418
0.221112921833992
0.022535676136612892
0.006048550363630056
0.016489848494529724
0.05661359429359436
0.006059833336621523
0.30243730545043945
0.009340409189462662
0.03070087730884552
0.005452376324683428
0.025774680078029633
0.05269072949886322
0.18601757287979126
0.15447276830673218
0.037023305892944336
0.046585116535425186
0.10533051937818527
0.10328005999326706
0.33261558413505554
0.13436144590377808
0.00786567386239767
0.050081536173820496
0.052367355674505234
0.16917498409748077
0.25239992141723633
0.0711645781993866
0.0037577699404209852
0.037049297243356705
0.04365326464176178
0.011181250214576721
0.38018134236335754
0.08034946769475937
0.09712976217269897
0.12902511656284332
0.28525885939598083
0.010130226612091064
0.05522361397743225
0.035922225564718246
0.013133798725903034
0.11255812644958496
0.019222034141421318
0.03879985585808754
0.0323660671710968
0.012468419037759304
0.0283708143979311
0.03657094016671181
0.11885123699903488
0.05964355543255806
0.2217617630958557
0.04165365919470787
0.0039840806275606155
0.07613839954137802
0.014442221261560917
0.8118274807929993
0.26828086376190186
0.04329407215118408
0.023090368136763573
0.09737974405288696
0.05695554241538048
0.061468351632356644
0.0056554339826107025
0.02903391234576702
0.06491240859031677
0.06324121356010437
0.0037577562034130096
0.004399721976369619
0.07742984592914581
0.04384465515613556
0.04777086153626442
0.06293792277574539
0.17585742473602295
0.05393317714333534
0.09676418453454971
0.017892666161060333
0.0022111493162810802
0.04989418759942055
0.06409010291099548
0.0017535894876345992
0.013692821376025677
0.01171896606683731
0.010333155281841755
0.004763749893754721
0.06428677588701248
0.15100371837615967
0.018148237839341164
0.13566632568836212
0.009787683375179768
0.0025382209569215775
0.07917533069849014
0.10185974836349487
0.24551327526569366
0.027653252705931664
0.009506073780357838
0.01906757988035679
0.40418362617492676
0.020445553585886955
0.029704613611102104
0.0680621862411499
0.05884047970175743
0.009758314117789268
0.007144178729504347
0.0019001918844878674
0.00896750669926405
0.01657920889556408
0.22284233570098877
0.012347771786153316
0.043304961174726486
0.07929491996765137
0.030332589522004128
0.011692383326590061
0.11464634537696838
0.4052561819553375
0.031746018677949905
0.01143132895231247
0.01970825344324112
0.005817453842610121
0.014338995330035686
0.027606310322880745
0.045388657599687576
0.09557913988828659
0.2275155633687973
0.0401102639734745
0.014906992204487324
0.1282271444797516
0.10353516787290573
0.27755752205848694
0.07223363220691681
0.1277991235256195
0.01159305777400732
0.048684846609830856
0.04006599634885788
0.09924975782632828
0.07718832045793533
0.09487781673669815
0.05572579428553581
0.039225708693265915
0.004591390956193209
0.02058396115899086
0.04880097508430481
0.01521538570523262
0.012261354364454746
0.8910229206085205
0.0034591108560562134
0.019444504752755165
0.13270048797130585
0.017768679186701775
0.027523642405867577
0.01182161271572113
0.029748180881142616
0.0661676675081253
0.02443350851535797
0.03228655457496643
0.005990104284137487
0.0033706638496369123
0.5978692173957825
0.013953961431980133
0.00931740365922451
0.038498904556035995
0.02084500901401043
0.0024028813932090998
0.011554505676031113
0.05213797464966774
0.003936386201530695
0.010340589098632336
0.009821275249123573
0.009325341321527958
0.00787331908941269
0.02113487757742405
0.14471744000911713
0.014656879007816315
0.014181696809828281
0.10821566730737686
0.1143135204911232
0.001652402337640524
0.002480787457898259
0.008399884216487408
0.18711061775684357
0.00810795184224844
0.06256679445505142
0.11016253381967545
0.0581650473177433
0.48800215125083923
0.002535016043111682
0.01800408959388733
0.23223702609539032
0.02862539328634739
0.007915251888334751
0.1441172957420349
0.02465643547475338
0.03453447297215462
0.03145634010434151
0.07285051792860031
0.061137545853853226
0.0609610415995121
0.23850081861019135
0.1440989226102829
0.006887956988066435
0.009574825875461102
0.015975480899214745
0.03394800424575806
0.056504543870687485
0.03613292798399925
0.015344317071139812
0.009251396171748638
0.010782771743834019
0.006279804278165102
0.005613309796899557
0.025050977244973183
0.031698793172836304
0.10890799760818481
0.23445196449756622
0.053129807114601135
0.007350384723395109
0.010767016559839249
0.0029888569843024015
0.020914165303111076
0.015355848707258701
0.05744010582566261
0.03379769250750542
0.08883490413427353
0.002755518304184079
0.1318565160036087
0.0488828606903553
0.04204216226935387
0.0021130249369889498
0.3684293329715729
0.0016973922029137611
0.03086140751838684
0.1153932586312294
0.03955182805657387
0.04874347522854805
0.027689361944794655
0.04895871505141258
0.013887413777410984
0.19724617898464203
0.03537515923380852
0.011119046248495579
0.1837759017944336
0.0133548928424716
0.26693782210350037
0.009654601104557514
0.18512527644634247
0.09314926713705063
0.34005728363990784
0.0068648457527160645
0.04598474130034447
0.08567022532224655
0.041336510330438614
0.15909187495708466
0.005635571200400591
0.08647006750106812
0.01247989758849144
0.012660338543355465
0.0039030397310853004
0.007957376539707184
0.03252553567290306
0.004821631126105785
0.050142426043748856
0.021920764818787575
0.013632938265800476
0.03416116163134575
0.045263975858688354
0.032643869519233704
0.03815516084432602
0.03373761847615242
0.08846477419137955
0.07146310061216354
0.03709081932902336
0.010285726748406887
0.1672765612602234
0.15518935024738312
0.04395220801234245
0.02343023009598255
0.7160773277282715
0.19145934283733368
0.09537047147750854
0.07596167176961899
0.09769982099533081
0.16270914673805237
0.12536539137363434
0.019920626655220985
0.500793993473053
0.015869764611124992
0.006643680855631828
0.005671173799782991
0.005498114507645369
0.6008632183074951
0.004307458642870188
0.035145748406648636
0.0426318496465683
0.061472754925489426
0.07898424565792084
0.0032608353067189455
0.07500080019235611
0.1921091228723526
0.048096057027578354
0.013258728198707104
0.09641832113265991
0.0073773679323494434
0.08082465082406998
0.005306811537593603
0.02441866137087345
0.004139730706810951
0.13127951323986053
0.09685338288545609
0.046296343207359314
0.003921393770724535
0.039520155638456345
0.11281796544790268
0.06406859308481216
0.09351573139429092
0.09275949746370316
0.022587819024920464
0.014111480675637722
0.022810326889157295
0.07523058354854584
0.0150547930970788
0.04533980414271355
0.021973909810185432
0.019167784601449966
0.036566976457834244
0.008976166136562824
0.016370555385947227
0.04362211003899574
0.034215811640024185
0.1024482473731041
0.021416112780570984
0.009131220169365406
0.019800210371613503
0.05708068609237671
0.32725897431373596
0.055774424225091934
0.05811060965061188
0.1529131680727005
0.032302748411893845
0.00565900607034564
0.08842682838439941
0.01602819748222828
0.03733712062239647
0.005110721569508314
0.1273840218782425
0.044604700058698654
0.026557667180895805
0.024049123749136925
0.02033991925418377
0.07882624119520187
0.008253234438598156
0.006091958377510309
0.6557442545890808
0.008465087972581387
0.03331096097826958
0.01158872339874506
0.20647327601909637
0.29063427448272705
0.2737504243850708
0.05820204317569733
0.07767018675804138
0.05441712215542793
0.04574887827038765
0.005495178047567606
0.005119319539517164
0.2644842267036438
0.019235797226428986
0.09273607283830643
0.16842018067836761
0.18218004703521729
0.013430409133434296
0.05602620914578438
0.08100508898496628
0.018342964351177216
0.02238980121910572
0.012568415142595768
0.005497852806001902
0.061908796429634094
0.20658355951309204
0.0019926736131310463
0.017708055675029755
0.27828332781791687
0.23587079346179962
0.02530377171933651
0.022158177569508553
0.06278517097234726
0.030255213379859924
0.16228531301021576
0.13304148614406586
0.0250043123960495
0.18186654150485992
0.005274432245641947
0.08128903061151505
0.04554581269621849
0.006719181314110756
0.08644276857376099
0.01726888120174408
0.03665009140968323
0.08171121031045914
0.06487930566072464
0.17231549322605133
0.007212632801383734
0.18215830624103546
0.04043550044298172
0.039569441229104996
0.04347692430019379
0.11238113790750504
0.09369822591543198
0.05760963261127472
0.00789713580161333
0.043475497514009476
0.0033531449735164642
0.06658828258514404
0.08735191076993942
0.04917183518409729
0.016880428418517113
0.019434982910752296
0.06840986758470535
0.011638679541647434
0.031687721610069275
0.23810048401355743
0.016956616193056107
0.09224808216094971
0.03574182465672493
0.21416987478733063
0.009463720954954624
0.10085264593362808
0.011148479767143726
0.044154051691293716
0.1733231097459793
0.15706464648246765
0.009386532939970493
0.22487320005893707
0.18085502088069916
0.02299712412059307
0.00773194944486022
0.1676473766565323
0.01655522547662258
0.014905734919011593
0.23501813411712646
0.02199154533445835
0.00903415773063898
0.012398101389408112
0.010192125104367733
0.1261923909187317
0.054295867681503296
0.029002169147133827
0.014638463966548443
0.008691780269145966
0.016188127920031548
0.007677351590245962
0.07771677523851395
0.07734958082437515
0.051163431257009506
0.08136719465255737
0.02545873261988163
0.004339657258242369
0.013003915548324585
0.06541631370782852
0.023020891472697258
0.012422201223671436
0.0731843039393425
0.005455357488244772
0.0054763020016252995
0.01687774993479252
0.021059393882751465
0.007578377146273851
0.16756965219974518
0.015267920680344105
0.03475946560502052
0.013390528969466686
0.043869081884622574
0.0493813194334507
0.009864035062491894
0.011283420026302338
0.06146670877933502
0.29483646154403687
0.45840370655059814
0.17293107509613037
0.006596066523343325
0.18607144057750702
0.06654403358697891
0.01808614656329155
0.019102266058325768
0.007668058853596449
0.029626747593283653
0.4918571710586548
0.03922868147492409
0.1569126695394516
0.1573774367570877
0.48302552103996277
0.006310449913144112
0.14575274288654327
0.06390276551246643
0.02785463072359562
0.06604577600955963
0.2689054012298584
0.08416756242513657
0.09904088824987411
0.07112586498260498
0.06673581898212433
0.13109488785266876
0.020850395783782005
0.1694066971540451
0.024345630779862404
0.027208635583519936
0.05149684473872185
0.02535879798233509
0.005238503683358431
0.07351889461278915
0.02241372875869274
0.023836800828576088
0.02715928852558136
0.07145865261554718
0.3010734021663666
0.08221525698900223
0.038276270031929016
0.21790377795696259
0.12092796713113785
0.09729365259408951
0.27327367663383484
0.008639514446258545
0.01571466214954853
0.10862062126398087
0.5120416283607483
0.26529717445373535
0.007381020579487085
0.4278480112552643
0.10287302732467651
0.023108599707484245
0.09282940626144409
0.05058751627802849
0.008231090381741524
0.03796817734837532
0.025709243491292
0.04165097326040268
0.06459937244653702
0.005785017739981413
0.0031175240874290466
0.13413016498088837
0.561680793762207
0.06903964281082153
0.02713933400809765
0.007343459874391556
0.011555768549442291
0.10637533664703369
0.3595864772796631
0.8183574676513672
0.32316485047340393
0.13996650278568268
0.011332474648952484
0.1238318458199501
0.013683900237083435
0.06938877701759338
0.03348652645945549
0.01805768348276615
0.02849174290895462
0.2355789989233017
0.6568058729171753
0.8513507843017578
0.5454213619232178
0.6353896260261536
0.9270730018615723
0.7586798071861267
0.6064164638519287
0.6383840441703796
0.7588631510734558
0.6858906745910645
0.6333787441253662
0.43781736493110657
0.37075337767601013
0.436551570892334
0.25282013416290283
0.11353611946105957
0.9385184645652771
0.8904435038566589
0.39128097891807556
0.41365256905555725
0.22082917392253876
0.6504133343696594
0.5827948451042175
0.6293017864227295
0.8076980710029602
0.07723552733659744
0.17158782482147217
0.019899621605873108
0.549590528011322
0.7001178860664368
0.11006459593772888
0.9693755507469177
0.9873924255371094
0.9840819835662842
0.03773960843682289
0.0972784161567688
0.6664687991142273
0.06356622278690338
0.9425261616706848
0.8113930821418762
0.9819392561912537
0.032787617295980453
0.07900582998991013
0.9690571427345276
0.9186696410179138
0.6833438873291016
0.8584238886833191
0.775029718875885
0.705143928527832
0.5897321105003357
0.264424592256546
0.8193304538726807
0.5801870226860046
0.9819726943969727
0.8761575818061829
0.4593362808227539
0.8963322043418884
0.9679204821586609
0.09461847692728043
0.0808212161064148
0.524570643901825
0.28649064898490906
0.2560814917087555
0.4087822735309601
0.9043004512786865
0.8309418559074402
0.01424543559551239
0.046099092811346054
0.0934017226099968
0.47181716561317444
0.9420428276062012
0.9085671305656433
0.5905727744102478
0.8745452761650085
0.5362489223480225
0.3229932487010956
0.9045460820198059
0.8262932300567627
0.9108837246894836
0.8027883172035217
0.898659884929657
0.9690506458282471
0.030364802107214928
0.7312843203544617
0.7727358937263489
0.6434935927391052
0.05184635519981384
0.10529153794050217
0.08848587423563004
0.4741328954696655
0.018540984019637108
0.02405271865427494
0.9205012917518616
0.8163054585456848
0.7941827774047852
0.4197719991207123
0.9509172439575195
0.9742267727851868
0.8629059791564941
0.5631305575370789
0.5690264701843262
0.9516119956970215
0.9430630803108215
0.9773865342140198
0.9614531993865967
0.4659128487110138
0.05398756265640259
0.8698945045471191
0.9717540740966797
0.8845011591911316
0.9788269400596619
0.23868857324123383
0.11802247911691666
0.6409242153167725
0.9459161162376404
0.32206282019615173
0.9472310543060303
0.7781111598014832
0.6385504603385925
0.845276415348053
0.9338305592536926
0.9381794333457947
0.8857758641242981
0.08327215909957886
0.0154407424852252
0.26636070013046265
0.6611867547035217
0.26863452792167664
0.18465805053710938
0.045237231999635696
0.06716737151145935
0.08532383292913437
0.0888175368309021
0.227666437625885
0.1707627773284912
0.4955390989780426
0.5216792225837708
0.4440739154815674
0.8384450078010559
0.7979453206062317
0.515360414981842
0.5148247480392456
0.6995890140533447
0.6216291189193726
0.0901302918791771
0.16023480892181396
0.4256010055541992
0.12706635892391205
0.9674132466316223
0.3067435920238495
0.3973080813884735
0.08453980833292007
0.09072957187891006
0.3329005241394043
0.7464520335197449
0.8117167353630066
0.6639213562011719
0.15328358113765717
0.6198868155479431
0.14746414124965668
0.9003675580024719
0.8955304026603699
0.0775742307305336
0.017955051735043526
0.5316722989082336
0.7600274085998535
0.5379760265350342
0.6413241028785706
0.7697516083717346
0.8727930188179016
0.6614916920661926
0.9514567852020264
0.9404951930046082
0.026201816275715828
0.14637833833694458
0.9394832253456116
0.6160104274749756
0.8963032364845276
0.8321370482444763
0.8293018341064453
0.01911797560751438
0.2183142900466919
0.24598734080791473
0.8297794461250305
0.602505087852478
0.3296128809452057
0.26900461316108704
0.11832627654075623
0.7945224642753601
0.7572385668754578
0.8229702115058899
0.37564101815223694
0.4943331480026245
0.734870433807373
0.5322701930999756
0.5361247658729553
0.5306384563446045
0.186995267868042
0.12404941767454147
0.5725729465484619
0.21783508360385895
0.9785714149475098
0.9932527542114258
0.1053527295589447
0.937932550907135
0.1150316372513771
0.4230104684829712
0.7630974650382996
0.6200060248374939
0.9214012026786804
0.7676432132720947
0.36955347657203674
0.7667152285575867
0.5745751857757568
0.9197909235954285
0.06295191496610641
0.3266993463039398
0.6669707894325256
0.2550363540649414
0.9589638113975525
0.952305018901825
0.9400918483734131
0.26492199301719666
0.07462312281131744
0.9553998112678528
0.9344208836555481
0.620945394039154
0.6471370458602905
0.6431556344032288
0.3917463719844818
0.9786665439605713
0.8300639986991882
0.4050569534301758
0.15881313383579254
0.6805451512336731
0.715997040271759
0.7072260975837708
0.7801572680473328
0.4479975998401642
0.4819653332233429
0.8493261337280273
0.8736149668693542
0.7213295102119446
0.49195846915245056
0.8467263579368591
0.8718433380126953
0.9326664805412292
0.962907075881958
0.946898877620697
0.6282113194465637
0.7200145721435547
0.7433462738990784
0.047384392470121384
0.8564481139183044
0.626844584941864
0.9866631627082825
0.06435935944318771
0.5814860463142395
0.8330129981040955
0.4456113278865814
0.5878521800041199
0.732335090637207
0.16521981358528137
0.4560282230377197
0.41174745559692383
0.28784096240997314
0.7214148640632629
0.5577663779258728
0.9476425647735596
0.8566479086875916
0.6541505455970764
0.4198121726512909
0.2318974733352661
0.7971972823143005
0.9295544028282166
0.6396525502204895
0.0556398443877697
0.32552996277809143
0.32509735226631165
0.3324519097805023
0.6786176562309265
0.6764469742774963
0.05068960785865784
0.9907299876213074
0.9823296070098877
0.9812666773796082
0.8473072052001953
0.1546005755662918
0.27237436175346375
0.41709962487220764
0.4755554497241974
0.5554057955741882
0.18646234273910522
0.9495078921318054
0.9940944314002991
0.9701822400093079
0.2852572202682495
0.6799936294555664
0.7799282073974609
0.6276715993881226
0.8916981816291809
0.7749902606010437
0.5820794701576233
0.21256770193576813
0.7431652545928955
0.6436800956726074
0.9394071698188782
0.9117870330810547
0.9522301554679871
0.9939317107200623
0.9679204821586609
0.9315235614776611
0.7520384788513184
0.8742961287498474
0.957592248916626
0.5375674366950989
0.4016687870025635
0.9704920649528503
0.9676578640937805
0.9848763346672058
0.6098175644874573
0.6619406342506409
0.5095838904380798
0.1848250776529312
0.8971533179283142
0.9625988602638245
0.9897541403770447
0.9780289530754089
0.7383573651313782
0.2732888162136078
0.976628303527832
0.3017600178718567
0.29356253147125244
0.16268472373485565
0.9384958744049072
0.15682262182235718
0.29570209980010986
0.12293270975351334
0.05613351985812187
0.2913254201412201
0.31284263730049133
0.5077337026596069
0.6738340258598328
0.7668768763542175
0.6380178332328796
0.7147251963615417
0.14953307807445526
0.9224267601966858
0.1467779129743576
0.3997187614440918
0.04637303575873375
0.07279301434755325
0.13018400967121124
0.7302373051643372
0.8422608375549316
0.011648069135844707
0.2282063513994217
0.975089967250824
0.9861145615577698
0.6392097473144531
0.9839720726013184
