0.39048013
0.2585851
0.34528193
0.18023413
0.25801173
0.24438947
0.05943191
0.1970315
0.1810787
0.37458587
0.030983632
0.21311937
0.11573261
0.492557
0.107834645
0.5853914
0.3371115
0.2757879
0.25635907
0.1786532
0.23639649
0.31082118
0.15422301
0.15065669
0.3859448
0.03539303
0.15552753
0.13653821
0.20488203
0.17799205
0.5872852
0.49403524
0.077255815
0.22334534
0.30745736
0.04805685
0.62100965
0.38695216
0.18328561
0.77847385
0.53196263
0.34016508
0.44904545
0.04798747
0.345565
0.6261474
0.567726
0.4513959
0.595131
0.40403864
0.4460762
0.31042865
0.050929233
0.42399514
0.30897132
0.3304883
0.2896721
0.20462918
0.07864929
0.42879537
0.20154896
0.75505614
0.3807963
0.65512854
0.095152214
0.18123555
0.0975563
0.25415426
0.113682404
0.36682633
0.3952157
0.56460476
0.2869078
0.15639147
0.15807845
0.16499934
0.02774214
0.026921421
0.35319015
0.020090973
0.016461372
0.28655863
0.31082913
0.113743156
0.541463
0.5892683
0.58748585
0.7046336
0.04842979
0.07586659
0.1533018
0.04543613
0.28153193
0.38826284
0.34613025
0.4927601
0.12996982
0.059366122
0.6710912
0.013052061
0.27990285
0.27325118
0.06052382
0.11164066
0.073250815
0.04569166
0.47683173
0.16577183
0.26989913
0.5749963
0.7393889
0.18953282
0.1842305
0.15884909
0.42460597
0.043354247
0.60714966
0.036025647
0.013931007
0.060372353
0.01
0.34637195
0.046027336
0.51906866
0.34710768
0.8289291
0.49472147
0.49607006
0.91161567
0.47053555
0.24137351
0.06631759
0.021317588
0.104998484
0.14828673
0.21216509
0.095105305
0.108634025
0.42104045
0.18822053
0.05796051
0.08299248
0.048844762
0.6067158
0.1387456
0.7406422
0.0788945
0.22586924
0.69150317
0.10389338
0.3604959
0.16003606
0.63976574
0.5353326
0.25026777
0.27487943
0.080855004
0.10509758
0.08343893
0.17420012
0.20779824
0.35824442
0.13921079
0.024308626
0.38395432
0.09725902
0.5372929
0.44193605
0.61116683
0.24728549
0.12852134
0.13988727
0.24422856
0.28326643
0.01
0.07800891
0.21545018
0.13339412
0.14811558
0.283939
0.25737557
0.57998407
0.6708681
0.029837737
0.18614055
0.3948971
0.7803759
0.4616533
0.018916985
0.16579857
0.20635201
0.023814112
0.2367776
0.36983168
0.27139264
0.2221077
0.18697377
0.024338692
0.35022298
0.7647113
0.042844716
0.07507567
0.01
0.22451755
0.80875266
0.015262066
0.040665396
0.05653044
0.031399675
0.020926243
0.15598556
0.19323574
0.4398815
0.033959527
0.037021447
0.023111317
0.01
0.1854132
0.36490008
0.019188926
0.012622987
0.37019727
0.059715025
0.40725905
0.045811303
0.7428364
0.4687073
0.14171632
0.59227103
0.23844883
0.1529629
0.07310315
0.09560899
0.058682863
0.18796949
0.3574238
0.034457687
0.56060904
0.059155222
0.049632918
0.0661425
0.023201387
0.025606891
0.1509978
0.17425118
0.3028137
0.9516933
0.8260272
0.28460157
0.28782192
0.32789138
0.19876099
0.09041229
0.105867684
0.16547716
0.1286288
0.03955635
0.11371713
0.050094783
0.12619619
0.11191767
0.2725386
0.22698337
0.69554764
0.33096415
0.024968157
0.33290058
0.21323867
0.49045014
0.2562381
0.23249736
0.057387743
0.015102963
0.03283338
0.14281614
0.07196548
0.045431923
0.14920722
0.024846695
0.39673343
0.6046843
0.31422868
0.3057994
0.41410297
0.3098451
0.267197
0.2502201
0.017535439
0.053347666
0.5950622
0.38209957
0.22362146
0.26470366
0.072452344
0.012947807
0.20721132
0.58640987
0.10539877
0.34639484
0.11965803
0.026156377
0.087740734
0.06387844
0.06251844
0.32516393
0.1536483
0.09027688
0.1222672
0.34384575
0.5527659
0.020742062
0.02756903
0.41103223
0.045716677
0.43438357
0.16412728
0.11147903
0.24733897
0.7051419
0.24220462
0.40647247
0.03996117
0.29864025
0.36110097
0.041883003
0.51777875
0.2500864
0.031291164
0.081717
0.8522918
0.03667773
0.06290427
0.19883184
0.27211106
0.09123198
0.09810303
0.7171377
0.39596373
0.2651906
0.055367462
0.39572254
0.41439763
0.39806885
0.5475475
0.2888907
0.22558026
0.027205098
0.01
0.026151938
0.037485998
0.28678185
0.34532398
0.26152146
0.18353672
0.24667002
0.16258922
0.01
0.65150976
0.2787594
0.4795636
0.18890996
0.083981864
0.574126
0.17751808
0.49827766
0.4467082
0.18740728
0.3560968
0.17107068
0.03928906
0.20770314
0.34224588
0.43448296
0.13423766
0.35089755
0.17847542
0.062885046
0.40031666
0.0997061
0.027695535
0.01
0.0857924
0.05473399
0.36675018
0.65764546
0.10923096
0.47612843
0.25155473
0.14984508
0.39478642
0.2401295
0.060542848
0.056306936
0.021360647
0.7144867
0.72818494
0.38870016
0.083491154
0.22164299
0.42008927
0.18270424
0.013148554
0.2594783
0.1462095
0.09068042
0.55850154
0.2869624
0.413708
0.4701674
0.15270929
0.15007019
0.047466148
0.7373584
0.3200688
0.048779152
0.36947808
0.12342903
0.54240805
0.5949912
0.38446605
0.25979173
0.23868969
0.5302065
0.6950446
0.075658984
0.041630387
0.28554392
0.2174126
0.7515449
0.2037858
0.043521844
0.07447187
0.013046583
0.021517532
0.13421443
0.041989297
0.29093978
0.17715415
0.85498863
0.5255424
0.04942986
0.012260398
0.037735432
0.07337261
0.12611154
0.20172724
0.3918285
0.07113881
0.104506664
0.17870188
0.043905728
0.028128352
0.054204825
0.49421328
0.4807287
0.29648748
0.2435798
0.01
0.41716352
0.0250811
0.10790835
0.12261586
0.41852605
0.26560318
0.23359863
0.09819183
0.31964144
0.12605566
0.09595577
0.34672645
0.17032823
0.35663837
0.34199005
0.470673
0.49579802
0.39299887
0.411554
0.3689626
0.045398314
0.020684943
0.015113598
0.49843884
0.09902048
0.01
0.25966722
0.26226923
0.098104335
0.052731957
0.06668967
0.041202318
0.11661791
0.48884615
0.113627225
0.07176409
0.010706973
0.33518252
0.1525148
0.15480402
0.115628846
0.44086787
0.35957786
0.55399054
0.018986627
0.3220899
0.0331657
0.21803935
0.051411565
0.055049185
0.08747013
0.095078304
0.3309137
0.23419322
0.16529293
0.010754666
0.046245337
0.060135197
0.3536103
0.06498056
0.06174546
0.11178712
0.35588905
0.017133472
0.48960122
0.54748005
0.08619791
0.09194069
0.15517929
0.3085231
0.380545
0.4253048
0.080126554
0.14410102
0.54181576
0.5659223
0.39410016
0.31138715
0.20853887
0.09503019
0.15289797
0.10739606
0.21928607
0.13828467
0.16301759
0.21007927
0.5514286
0.4951631
0.39756677
0.059117667
0.108401
0.49980754
0.4387619
0.5232646
0.039699797
0.19125693
0.14707372
0.09642575
0.031461567
0.4113184
0.4600148
0.051666602
0.4599426
0.23017327
0.3798743
0.027080853
0.02051396
0.01
0.40312916
0.03676883
0.30075064
0.24507959
0.06879404
0.57235825
0.025645021
0.36855713
0.1778804
0.4502551
0.6094751
0.18688515
0.07688513
0.021570666
0.09929182
0.6179074
0.28947538
0.0793366
0.16719384
0.051249113
0.46369284
0.016656157
0.6839781
0.051410396
0.01
0.51026636
0.08799515
0.05874485
0.15429078
0.017784704
0.118614055
0.075852394
0.056423534
0.445684
0.050283384
0.3475107
0.11401821
0.038159937
0.038710337
0.027769871
0.18934754
0.07230693
0.07642621
0.10185141
0.28809246
0.018102221
0.22299576
0.705787
0.703206
0.62713176
0.01
0.018289689
0.05917965
0.01
0.028186614
0.03406673
0.85082775
0.058171593
0.5465662
0.31881845
0.29421613
0.110259816
0.044687334
0.023325147
0.04217469
0.13961682
0.46924245
0.35321447
0.30191898
0.69296867
0.30526882
0.26641303
0.34520406
0.111898854
0.30704492
0.6813602
0.31844294
0.75282156
0.22789977
0.37830457
0.04800153
0.26508787
0.504344
0.44102603
0.34484187
0.16848257
0.052934803
0.42679265
0.24812694
0.06418831
0.046423823
0.052107364
0.2877922
0.102440365
0.25631574
0.057051048
0.42347366
0.21267492
0.06898473
0.07522702
0.25529736
0.52547085
0.10308569
0.05955976
0.07077069
0.12556723
0.24882278
0.0795936
0.22584486
0.28552762
0.14507787
0.35127997
0.13346715
0.27095294
0.3493241
0.34261194
0.21813713
0.027417287
0.04827822
0.09450711
0.3389938
0.3484043
0.74970436
0.1715592
0.018195236
0.090904325
0.2857845
0.22329876
0.12597589
0.31061274
0.027402198
0.023839332
0.045852005
0.5282833
0.32834655
0.6166601
0.21779618
0.15667608
0.08621423
0.16613396
0.18418714
0.08860761
0.39330602
0.028544288
0.7246456
0.1271132
0.20736925
0.47362557
0.45685893
0.56046534
0.3380419
0.18475246
0.09446682
0.2955092
0.03688743
0.7083708
0.028367214
0.05754291
0.09840373
0.75574106
0.39874253
0.38664025
0.20068951
0.07331741
0.029615989
0.056357693
0.05030508
0.2230913
0.07997771
0.25475374
0.35874698
0.11033227
0.07702377
0.20666963
0.16046537
0.3218917
0.52072424
0.41193888
0.34900245
0.49850187
0.06280959
0.22166371
0.5727972
0.07627071
0.59794843
0.043163255
0.2396123
0.42504567
0.14162189
0.025498409
0.10797755
0.18446673
0.02364706
0.3794709
0.16130902
0.09606204
0.3839109
0.29714355
0.35781983
0.16793494
0.05288381
0.5347632
0.06410959
0.17765734
0.16821069
0.13738951
0.54040825
0.56464714
0.15536532
0.547628
0.09418175
0.16609202
0.041317634
0.048404478
0.1482212
0.046744097
0.124453016
0.3370119
0.07344699
0.028772868
0.02870063
0.1431175
0.150185
0.07233307
0.2542929
0.36432126
0.11694074
0.6281944
0.06442453
0.04888073
0.3389829
0.3992801
0.016636347
0.052774925
0.0101641575
0.4734562
0.11645895
0.1350948
0.29073116
0.01
0.012628201
0.10156776
0.07074189
0.041705456
0.07910706
0.023377564
0.046271317
0.02151209
0.01368734
0.015854212
0.2912313
0.28269798
0.1905307
0.07989243
0.101121254
0.061265588
0.23473704
0.14304096
0.01
0.36963785
0.021658547
0.30296728
0.035455402
0.10424917
0.02155144
0.3706247
0.05457291
0.37267902
0.39015338
0.1272894
0.14439912
0.060997296
0.04180116
0.40059033
0.37942505
0.13190703
0.072772354
0.11167205
0.01
0.5624252
0.64113486
0.055621855
0.3365417
0.19033629
0.4446634
0.03184823
0.7847422
0.39264885
0.21220517
0.23758583
0.45112917
0.03141953
0.018296078
0.39975056
0.046083912
0.34093517
0.28175285
0.31567758
0.028403768
0.013949833
0.18565856
0.44456849
0.17924947
0.030848749
0.34119183
0.18646659
0.01888024
0.04450891
0.04460526
0.5700245
0.6078594
0.05406402
0.12423342
0.0441906
0.07871587
0.6480259
0.29628935
0.045442164
0.1525666
0.01
0.53940517
0.13305238
0.13402317
0.058412366
0.012983205
0.012454872
0.1099964
0.51453793
0.033471555
0.060004886
0.38829815
0.42027178
0.042718504
0.13900013
0.039280392
0.013671135
0.013785857
0.04479154
0.078868784
0.043165162
0.1403622
0.04195767
0.08072899
0.010545174
0.010883838
0.08100649
0.022891227
0.028499013
0.042501822
0.021842001
0.36293837
0.036311794
0.3682939
0.16268349
0.7496434
0.7593242
0.6529075
0.4687032
0.328634
0.15997015
0.09626824
0.01928026
0.01
0.041015126
0.21099323
0.5946038
0.09112498
0.2914629
0.07492844
0.19842082
0.019899644
0.1554774
0.27956787
0.75208324
0.5118866
0.813268
0.7908224
0.18084826
0.01
0.01
0.018553158
0.61986774
0.013788995
0.01
0.015597597
0.016893534
0.035233952
0.062176377
0.040084206
0.094135486
0.33324894
0.050719198
0.04036376
0.24276571
0.94649005
0.9272601
0.785178
0.739577
0.5634552
0.21848023
0.0693198
0.039193768
0.26635003
0.15522344
0.12722623
0.04722732
0.76342344
0.5922405
0.021122081
0.25148526
0.03926433
0.06682292
0.10317043
0.01
0.82610637
0.6382808
0.078164056
0.765708
0.5682384
0.43949234
0.021972794
0.30324465
0.23674098
0.04492177
0.13267055
0.59356934
0.010570424
0.54756707
0.031288885
0.08064943
0.10639257
0.25216234
0.04540263
0.6837062
0.4711022
0.2870246
0.067294315
0.5294957
0.76113945
0.6339529
0.07129875
0.3976019
0.15385751
0.16343908
0.046387993
0.6447579
0.049017858
0.16947068
0.61837316
0.78591555
0.6949908
0.54527056
0.04527046
0.44060054
0.22718564
0.15854959
0.29514033
0.048517372
0.17904636
0.26143134
0.08469719
0.41201252
0.10285499
0.2528539
0.012880689
0.5120951
0.11443861
0.255065
0.2528871
0.27288416
0.11425406
0.062134348
0.3780946
0.17417626
0.06634024
0.33861083
0.65717655
0.28078458
0.20199734
0.044932608
0.13007326
0.27088436
0.15784413
0.34958035
0.23033637
0.0992104
0.24835414
0.23071466
0.33527893
0.14921191
0.24000962
0.31413049
0.22879031
0.54042727
0.59693635
0.23506096
0.30512714
0.085539825
0.5447286
0.10351672
0.27401993
0.09186107
0.4271084
0.45659077
0.18091479
0.29971942
0.38585234
0.19912493
0.5651843
0.6107443
0.34773466
0.38687125
0.6022233
0.14559512
0.039307933
0.05008898
0.66394997
0.2946823
0.050104383
0.25869966
0.09900475
0.4015175
0.11037304
0.11214351
0.16511178
0.21581925
0.33118284
0.19226535
0.21638979
0.36849198
0.034192454
0.102792196
0.07653555
0.15174486
0.036123365
0.18097766
0.3033542
0.04705371
0.42570552
0.039466843
0.14743425
0.05271383
0.40752015
0.13447675
0.42483947
0.2449228
0.052771743
0.018179068
0.22571613
0.020011202
0.07082299
0.01
0.14304395
0.013618658
0.0467392
0.33727932
0.11858815
0.026803317
0.035009235
0.04245994
0.01
0.01
0.013140415
0.01
0.0152571155
0.01
0.01
0.27250722
0.0912075
0.17813812
0.014310706
0.053230695
0.097992994
0.03120893
0.11608824
0.080505714
0.025171937
0.22311497
0.22336732
0.03065638
0.014618404
0.013180661
0.16543454
0.06475427
0.120629884
0.12149995
0.019745462
0.037284005
0.03070469
0.18496643
0.047040284
0.01
0.08820158
0.01923337
0.121461906
0.24063888
0.22443862
0.11943443
0.06870881
0.044495188
0.03710137
0.05976184
0.014859433
0.47505206
0.09469328
0.13087143
0.18552855
0.14903252
0.052223742
0.697451
0.025990019
0.039490487
0.053975716
0.42758992
0.01
0.21922265
0.16817601
0.0743489
0.020674769
0.116542086
0.1534012
0.06999729
0.18828434
0.06618196
0.29557073
0.08196377
0.43500948
0.2589455
0.4619944
0.035201855
0.09113807
0.076410055
0.1943334
0.01
0.23297726
0.58169377
0.30771232
0.4751849
0.094099894
0.09379785
0.08205206
0.014952836
0.032239564
0.328355
0.060514577
0.17639871
0.031028526
0.029658224
0.020592026
0.14734612
0.028298246
0.09399211
0.13379332
0.013749593
0.01
0.01
0.01
0.01793389
0.028648278
0.15896018
0.08214868
0.032875497
0.4820362
0.3028876
0.2533724
0.117336236
0.087365665
0.015802974
0.01
0.019509906
0.13704352
0.12404175
0.012320765
0.07054984
0.03180247
0.041801203
0.088309385
0.06419403
0.02971745
0.04597976
0.012054256
0.18143974
0.2849806
0.011598854
0.01677251
0.28256324
0.025943907
0.01
0.10934319
0.1067508
0.1276467
0.10156756
0.0751659
0.043114204
0.111095995
0.061693586
0.012400802
0.036127347
0.1242608
0.069270715
0.017126413
0.21754445
0.011736844
0.35656717
0.046549063
0.014423294
0.03522896
0.041670796
0.06682892
0.057124153
0.05446298
0.051617984
0.011247445
0.04483182
0.03502829
0.012622732
0.055252973
0.022574482
0.02517594
0.092246994
0.042662907
0.06185298
0.037705306
0.065695524
0.035866037
0.12343375
0.026390499
0.059082195
0.06982134
0.0668965
0.058270123
0.047909826
0.03704574
0.017082997
0.08916104
0.060048986
0.22792955
0.039807234
0.17781095
0.4504378
0.16425925
0.14350016
0.10294045
0.052557565
0.064893015
0.027665159
0.041789588
0.053844705
0.2056802
0.2926476
0.054173555
0.24481967
0.15190503
0.053300448
0.043025553
0.16118702
0.037558857
0.32271117
0.01958159
0.07097538
0.05569983
0.078887366
0.07521779
0.021532997
0.085378066
0.04708757
0.021410361
0.067838654
0.07699872
0.049609948
0.13353793
0.1693156
0.051411383
0.11825296
0.03364015
0.01
0.1436691
0.08016633
0.020699697
0.01580511
0.023315528
0.030310782
0.011551822
0.08371992
0.1784353
0.047318537
0.20893481
0.13902931
0.19004516
0.15607111
0.011013654
0.01924525
0.12489605
0.01
0.05983001
0.036830287
0.09330645
0.05127073
0.023604585
0.058611296
0.058267243
0.053820185
0.123167425
0.0809519
0.051447965
0.05810578
0.16970967
0.40992433
0.561875
0.15756778
0.21355236
0.19770537
0.29794928
0.7212321
0.015874067
0.016051454
0.17293462
0.372495
0.5690957
0.05876754
0.042089056
0.36072525
0.01
0.26741347
0.45358783
0.027381986
0.01
0.0759742
0.14806412
0.29329723
0.38013026
0.16203618
0.023134982
0.030653084
0.22878876
0.062154133
0.012554309
0.15735008
0.2309608
0.07969751
0.016207943
0.07550447
0.14430483
0.27084598
0.03420485
0.010924321
0.021878298
0.25874552
0.12378114
0.13210478
0.06750034
0.010595849
0.0966265
0.012950207
0.08368867
0.11632715
0.020588988
0.014719235
0.02803274
0.015901906
0.025561959
0.031102905
0.037689406
0.14262398
0.1716037
0.10919913
0.8399926
0.6193465
0.43505484
0.027524088
0.3201977
0.38615066
0.059693363
0.09215032
0.10855061
0.22297755
0.07826662
0.068849474
0.030445058
0.054062426
0.13321878
0.07360199
0.2987434
0.01763496
0.06597243
0.01
0.07969209
0.9293414
0.8076535
0.10434035
0.2792257
0.08796817
0.038616966
0.15895177
0.16904704
0.056278333
0.13287027
0.43174604
0.17213303
0.19674993
0.20886071
0.030747231
0.1098719
0.06439793
0.28338987
0.08309328
0.36153296
0.058733035
0.02609921
0.045415938
0.01
0.23643015
0.011009515
0.09611307
0.13783619
0.10654704
0.031002251
0.018824155
0.14277905
0.109265044
0.011908429
0.0347999
0.14659977
0.06289716
0.06799049
0.24878836
0.25041258
0.14490452
0.14683324
0.07376485
0.05840881
0.11457413
0.023073876
0.045982793
0.020258212
0.01
0.045250684
0.18848298
0.0469168
0.04377239
0.46536604
0.01
0.11462711
0.093814164
0.25408754
0.04322755
0.01
0.055374093
0.3436214
0.029848034
0.32348198
0.39427572
0.67313755
0.05748412
0.018120393
0.028988091
0.016076883
0.011143499
0.01
0.058403917
0.16245896
0.01
0.16087805
0.011889136
0.1503317
0.043379858
0.01
0.17683026
0.10469868
0.23067586
0.020877788
0.054292668
0.02424419
0.0302613
0.01
0.050886534
0.042784706
0.48363593
0.37431556
0.023186473
0.32048488
0.06935587
0.010650913
0.0433411
0.13303384
0.013143513
0.012782412
0.28872
0.039252255
0.068267606
0.015652265
0.022977805
0.17823397
0.030490909
0.01
0.050542552
0.034471195
0.017361293
0.06137257
0.08786677
0.054012857
0.07001469
0.031784374
0.02835911
0.23282899
0.09325712
0.012355223
0.2407065
0.29083723
0.019320726
0.081078954
0.03520631
0.11840182
0.13112846
0.036472037
0.01
0.09788414
0.012954878
0.50623584
0.7094152
0.3694976
0.1319579
0.0714461
0.22105552
0.01
0.0372127
0.024879644
0.07725201
0.7367767
0.016414553
0.07551269
0.052051164
0.044852458
0.039935105
0.056831557
0.012328028
0.100515336
0.47833058
0.12230349
0.118768595
0.054285504
0.08922015
0.18782046
0.20316908
0.017618785
0.01015953
0.4504202
0.34006986
0.53113455
0.15287876
0.062501006
0.73557794
0.09273809
0.18700312
0.020358194
0.29006022
0.06937626
0.12890464
0.35764042
0.14773521
0.0980657
0.029892888
0.051578574
0.07128602
0.23329848
0.053339344
0.043148752
0.044764783
0.01
0.020470865
0.029203897
0.025238208
0.6852969
0.27759916
0.13844894
0.066454306
0.10662925
0.018677581
0.09163669
0.10056064
0.35041502
0.04110281
0.08966446
0.6947751
0.035103913
0.12140369
0.3313378
0.044477917
0.06846926
0.044554155
0.039665956
0.026937522
0.03970923
0.035131034
0.02242151
0.01
0.23487157
0.20956197
0.27608564
0.24733716
0.13680148
0.03776748
0.018257663
0.023527976
0.025779054
0.015347301
0.01
0.15131047
0.11818704
0.32737213
0.40245155
0.12167481
0.01
0.024860596
0.10122703
0.025549017
0.052846596
0.07216674
0.04286808
0.03849017
0.01
0.035785098
0.025676563
0.031196592
0.3419274
0.046763547
0.029115446
0.013099548
0.06496981
0.47243375
0.39487207
0.17916074
0.10649563
0.029700162
0.08199858
0.10389495
0.11507268
0.019077623
0.08275864
0.37203276
0.07999113
0.01
0.025788805
0.12486529
0.03675439
0.057660155
0.16216798
0.13347954
0.06745299
0.5297254
0.21374802
0.015343555
0.037371412
0.03197558
0.06878207
0.14568543
0.11222196
0.048250172
0.12080809
0.054607254
0.07249247
0.07222036
0.05234461
0.15980822
0.098298036
0.28754324
0.09309768
0.014429254
0.018994505
0.41020104
0.09364065
0.25210133
0.19264193
0.19097087
0.13529353
0.043044936
0.0570004
0.02459711
0.102717966
0.15763007
0.24208178
0.15818368
0.017035054
0.07037684
0.01
0.08253919
0.050701905
0.026498683
0.01
0.14340222
0.02441641
0.10020917
0.02765241
0.33627057
0.06744929
0.025783319
0.2582668
0.07964821
0.2850411
0.03082218
0.16899692
0.07053033
0.06696588
0.029788485
0.22349358
0.04979055
0.104084924
0.026271418
0.04440831
0.061048023
0.1030218
0.056979936
0.54372114
0.28513277
0.40659082
0.059198827
0.05071184
0.01
0.07794924
0.021889647
0.051176127
0.100767575
0.01
0.11329812
0.09267749
0.07446423
0.017013941
0.17723864
0.04502441
0.056389928
0.30315286
0.13193133
0.31365088
0.35809168
0.03407288
0.021867486
0.08472608
0.07624031
0.19560024
0.07968692
0.26753956
0.011899847
0.16731393
0.034380924
0.04757352
0.11967798
0.03597926
0.09744657
0.012034459
0.013063639
0.20392051
0.02748514
0.0644359
0.079058535
0.14817934
0.0639196
0.022384414
0.02165574
0.026954392
0.14113083
0.067045726
0.10062523
0.024199512
0.038830295
0.025341809
0.031248357
0.11977589
0.057537388
0.09063512
0.12036695
0.043244205
0.04116358
0.034745373
0.06251702
0.19047363
0.12800059
0.020048464
0.04681381
0.13325143
0.103398
0.011909887
0.120470285
0.1041046
0.09855189
0.08822086
0.112817906
0.21986498
0.079779826
0.032138612
0.09265704
0.016911203
0.016840832
0.05563131
0.11634755
0.06644719
0.031211765
0.024199137
0.01
0.014488476
0.014235487
0.024197243
0.49453655
0.56502783
0.3571374
0.012878087
0.32432854
0.2645081
0.043383744
0.19002865
0.028402882
0.017877549
0.012970851
0.041350644
0.11493423
0.010016691
0.11439807
0.013961172
0.030972516
0.14829245
0.123302944
0.017610071
0.9716457
0.7838165
0.27533764
0.022745695
0.01
0.054778818
0.42736995
0.058833353
0.23194052
0.02267043
0.10486865
0.13857721
0.13022998
0.021951389
0.05776058
0.1665129
0.049903926
0.28482795
0.7902709
0.54948145
0.075601436
0.060666736
0.03720799
0.02954095
0.045223836
0.088968806
0.020509772
0.030584821
0.47312614
0.0536116
0.025894258
0.0252194
0.0772847
0.0544665
0.018700523
0.021687128
0.02276603
0.14972676
0.093357615
0.01
0.08318383
0.4038976
0.085853025
0.03136749
0.13507162
0.04527648
0.049763642
0.1265077
0.47686303
0.018774828
0.01
0.014252092
0.043027237
0.022444852
0.023025753
0.10009902
0.18089893
0.15068384
0.21663527
0.3477357
0.013261152
0.01
0.09427894
0.24851927
0.0143810855
0.15095602
0.024851074
0.2193505
0.01
0.01745985
0.14499547
0.27502936
0.025328439
0.03509172
0.042914875
0.29849166
0.28258792
0.047330156
0.059834763
0.021484546
0.116937086
0.01
0.016017629
0.01893342
0.04965674
0.09343255
0.113293946
0.21771334
0.028728094
0.09756548
0.22542036
0.058000226
0.054496445
0.09454932
0.02199936
0.08893633
0.033162568
0.01
0.03284424
0.048606686
0.10110218
0.13648663
0.1467115
0.05658763
0.38064876
0.21164967
0.05500464
0.01919174
0.20198636
0.02363944
0.10945321
0.61267155
0.33386034
0.043404896
0.062306885
0.1911557
0.0885476
0.13314587
0.034177564
0.14332086
0.028812101
0.016161818
0.1660735
0.5013921
0.21773133
0.44501388
0.036934223
0.11025757
0.01
0.10748822
0.11702204
0.11979383
0.18247359
0.011997241
0.32401568
0.11371973
0.06791613
0.024696313
0.016224958
0.13594933
0.054134026
0.038553033
0.056503657
0.34506854
0.01
0.01
0.010958971
0.4885639
0.34687194
0.178156
0.30281493
0.1135374
0.010279556
0.18884602
0.029235346
0.15175521
0.041298937
0.33323053
0.061168443
0.1407545
0.13470812
0.08168146
0.03615553
0.03843485
0.10474715
0.22596505
0.16892366
0.22941881
0.22713175
0.16817974
0.015536105
0.010395395
0.0417539
0.030200567
0.29186282
0.117719255
0.12765716
0.019178845
0.18231665
0.078480855
0.04064899
0.20995125
0.098675296
0.01
0.01
0.06741416
0.8640598
0.5681138
0.17509572
0.027775785
0.045229767
0.25555518
0.08610442
0.016554154
0.2518788
0.2330011
0.027217185
0.015786761
0.02894706
0.088239305
0.0727678
0.05737686
0.055309158
0.045232497
0.09067359
0.06935999
0.20378977
0.08375625
0.1284426
0.026908398
0.056586076
0.060818244
0.088428564
0.018028295
0.014124366
0.078628264
0.09956516
0.9356078
0.925246
0.75937533
0.014800022
0.101949796
0.03804128
0.05980906
0.01
0.08690351
0.16960245
0.036190532
0.037761975
0.028394012
0.035167757
0.05437874
0.024674775
0.02289668
0.20870708
0.10592065
0.01
0.13691348
0.10827383
0.07365424
0.120732054
0.105608724
0.019362625
0.08532139
0.08133091
0.30188715
0.05071387
0.1646822
0.078576915
0.010915926
0.07589621
0.023078628
0.3435686
0.025815178
0.049477562
0.01152772
0.055875186
0.056530353
0.30411363
0.031517997
0.0379943
0.06041819
0.09805867
0.051472913
0.2184588
0.07886857
0.016232267
0.0688082
0.06106753
0.051671874
0.06978256
0.0978762
0.052633893
0.063383274
0.17109147
0.030539615
0.1362507
0.35348555
0.019218475
0.022008304
0.0394468
0.041903082
0.043858502
0.021606954
0.18654574
0.03061589
0.2050176
0.029914483
0.08931524
0.8124847
0.7578937
0.62650293
0.2678429
0.039660014
0.058274884
0.1017889
0.22620317
0.08856421
0.070273876
0.20330015
0.0489973
0.16963525
0.015089889
0.10283908
0.66602594
0.011738968
0.04297831
0.01522323
0.60172796
0.30124724
0.07621823
0.14558974
0.3160463
0.18298501
0.18758212
0.0478142
0.018058343
0.16711932
0.019619575
0.29607505
0.271489
0.022818165
0.15573554
0.094410375
0.25270742
0.01
0.17466858
0.3927367
0.36453372
0.114753544
0.2725049
0.2797132
0.18412103
0.0619199
0.01389005
0.051857855
0.25635618
0.12632544
0.04696879
0.15388976
0.094677776
0.029554036
0.12990221
0.37724316
0.100966156
0.05212589
0.026838915
0.5423311
0.16259769
0.14944471
0.1576714
0.057721682
0.32765844
0.06638225
0.2662954
0.016311198
0.01
0.1859719
0.03359754
0.08867337
0.20974387
0.16443501
0.022214077
0.21800688
0.109434836
0.071668506
0.01
0.029077277
0.13393822
0.03219131
0.020033203
0.022666479
0.037331898
0.016872339
0.023651948
0.011804652
0.01323245
0.18600434
0.21458644
0.24590488
0.07977434
0.23806481
0.06855393
0.14452952
0.014815125
0.4001389
0.26245812
0.219016
0.19191982
0.24973992
0.33337995
0.39831093
0.7686427
0.56231207
0.17828003
0.5418359
0.75992084
0.38567933
0.5478107
0.42195445
0.5005685
0.024983125
0.10764873
0.33903262
0.20563301
0.01790333
0.50616133
0.34703365
0.027788267
0.026963068
0.051602673
0.241085
0.30383286
0.06299636
0.20130613
0.073362194
0.06902098
0.16471909
0.01533371
0.31349596
0.033533487
0.5512499
0.47779906
0.094294205
0.061680287
0.13327308
0.0903279
0.068561725
0.1182045
0.11585633
0.24785298
0.19114807
0.022366172
0.07895952
0.021299524
0.016451448
0.39532432
0.16555186
0.08007794
0.091246486
0.14603442
0.030102616
0.07075603
0.026554445
0.01
0.1388398
0.15478987
0.41184026
0.53488
0.23580128
0.2949655
0.07317135
0.03754133
0.059226085
0.21113111
0.0143312635
0.013617332
0.013833789
0.038014762
0.01
0.014162403
0.010520764
0.017000342
0.053393736
0.027004715
0.01
0.10432271
0.02587897
0.10169803
0.057270937
0.1751171
0.19163111
0.18653627
0.16559573
0.020479852
0.07126904
0.056326613
0.024636257
0.012766361
0.08237757
0.01
0.062057696
0.49456087
0.04137249
0.011083622
0.43929836
0.023664184
0.31229663
0.017377295
0.26765364
0.18734093
0.26411688
0.13192475
0.0646231
0.5105065
0.14388052
0.62940407
0.2683663
0.01988102
0.24184693
0.41746056
0.32380867
0.019937163
0.38949645
0.020791573
0.02245072
0.18364589
0.11196225
0.01
0.19258869
0.01
0.25698262
0.11547083
0.12735955
0.09037394
0.072522044
0.03307518
0.167213
0.47524714
0.23400308
0.14188722
0.120192654
0.22061767
0.011363492
0.06903059
0.20858322
0.084586635
0.1728406
0.06966749
0.013308437
0.01
0.01
0.064437285
0.097593084
0.01
0.012377167
0.054573715
0.013741384
0.023051675
0.116687134
0.03495607
0.22388692
0.1285005
0.027960425
0.024100853
0.022837859
0.012623255
0.09115694
0.014597517
0.058353346
0.055857863
0.32625657
0.021364905
0.4115313
0.15328814
0.10435285
0.6584686
0.017193832
0.5671127
0.01
0.6056973
0.3804336
0.34996495
0.443188
0.03407111
0.0780265
0.01
0.01
0.06181331
0.06520313
0.010677919
0.0119500365
0.121716164
0.27068704
0.392107
0.056234498
0.015436831
0.01
0.35739365
0.022798201
0.08102582
0.028528072
0.035271488
0.34094194
0.576142
0.017622476
0.16653754
0.52057815
0.39888054
0.14416534
0.21663146
0.08600977
0.022654027
0.012704943
0.01
0.032673556
0.01
0.13263085
0.11380749
0.018681834
0.013331657
0.30173948
0.297499
0.01
0.05712079
0.3239175
0.14000387
0.0250169
0.036671318
0.36989057
0.22362179
0.11350376
0.12873863
0.042248506
0.01
0.02635931
0.06947774
0.16051656
0.019367736
0.04521022
0.50839996
0.14039207
0.016874025
0.01
0.054967437
0.07376772
0.11244539
0.21949224
0.05659672
0.1097273
0.052251898
0.027834667
0.21563803
0.19960256
0.16953023
0.01
0.02328417
0.056044195
0.45987615
0.061228327
0.10972601
0.025958298
0.04104279
0.01072674
0.015512328
0.04174888
0.18409039
0.24572326
0.028407855
0.01
0.047962718
0.40574205
0.25847042
0.12334602
0.05850312
0.012063584
0.24335371
0.011825602
0.030261511
0.049452417
0.60913306
0.22726974
0.019255891
0.045498956
0.034727912
0.09013553
0.022980133
0.03796028
0.026175156
0.07306661
0.17205548
0.01
0.0502817
0.02035187
0.015850835
0.053592786
0.13427731
0.021472545
0.02260031
0.06261815
0.074028544
0.037829097
0.074364066
0.6686048
0.39275888
0.7504867
0.12048797
0.02959874
0.19523348
0.8191374
0.7434143
0.10921026
0.015252932
0.047323946
0.315099
0.01
0.01
0.11496954
0.01
0.021812174
0.01
0.08762857
0.013460959
0.059811883
0.17591162
0.23097084
0.020188332
0.036809564
0.13126206
0.031185485
0.20728274
0.24639209
0.03601622
0.038119547
0.11074768
0.055759687
0.1165296
0.1624354
0.3558966
0.07699896
0.06683922
0.01
0.064720534
0.3828971
0.6310425
0.55203974
0.8463451
0.16016684
0.051257815
0.025501367
0.13203397
0.5801451
0.81919694
0.81108785
0.68080854
0.6282545
0.025150884
0.01966141
0.44820154
0.010422287
0.07517594
0.083079636
0.5794832
0.019366799
0.011544288
0.064482704
0.0403888
0.13867699
0.05354285
0.053790748
0.024716666
0.0240765
0.6877836
0.010439371
0.20470263
0.019848086
0.6642128
0.71489376
0.3702423
0.42190123
0.29325867
0.13650718
0.3366676
0.08447804
0.24874799
0.07004079
0.14140359
0.30786923
0.5296859
0.19570212
0.1468014
0.054133523
0.09679751
0.44492882
0.060284343
0.21141477
0.18379882
0.67903876
0.692488
0.9170555
0.8089194
0.85498863
0.7632609
0.12071924
0.17052262
0.0726833
0.31775412
0.06816215
0.1188673
0.45879462
0.06996995
0.12476069
0.019710602
0.063510604
0.103060484
0.17034835
0.13639286
0.19889663
0.11952796
0.034750745
0.01
0.05197333
0.06034492
0.12172411
0.16895047
0.11492839
0.04289321
0.01
0.038028132
0.113187425
0.18917096
0.07800557
0.04858688
0.035383508
0.057955224
0.22879216
0.046119098
0.07101706
0.037590258
0.051244635
0.067955896
0.029007992
0.501669
0.03679878
0.06693965
0.7426319
0.7496952
0.25448343
0.04222694
0.21828142
0.22995703
0.35772797
0.041805863
0.047917794
0.3454061
0.13894205
0.029854223
0.2865247
0.11720598
0.04470861
0.039765097
0.034741126
0.07390597
0.13708664
0.05345606
0.2929858
0.176166
0.11773338
0.04179254
0.047716495
0.12432972
0.037161328
0.03926885
0.01
0.01586236
0.04283756
0.035175346
0.065408185
0.119162604
0.061450854
0.12748353
0.015592683
0.1441937
0.10667342
0.038523413
0.02104825
0.04302078
0.013416422
0.1802345
0.01
0.01
0.012302739
0.024698421
0.058129992
0.042678438
0.011314105
0.06915
0.01644843
0.26976824
0.029495114
0.019474186
0.01
0.028894179
0.039905895
0.057851568
0.01
0.05044627
0.05924569
0.4491613
0.1186074
0.25797594
0.3537018
0.044916045
0.042905983
0.22166695
0.08098837
0.2645776
0.03353917
0.2346458
0.06311599
0.079310365
0.39035642
0.18699956
0.01
0.3155723
0.27997193
0.22837773
0.18972364
0.045855198
0.015371965
0.05350097
0.030373603
0.01
0.041623473
0.059978805
0.011452454
0.12892473
0.7683464
0.7369591
0.20069289
0.15558772
0.07793983
0.09488103
0.05881891
0.02140595
0.037164263
0.03374638
0.13080917
0.058371153
0.40943953
0.024806527
0.011004283
0.58714116
0.018301839
0.02786221
0.01
0.01
0.01989257
0.02772015
0.047094103
0.060741674
0.06649018
0.04688289
0.10283035
0.056142796
0.025464403
0.045394335
0.027844992
0.016159074
0.01
0.10532582
0.027020238
0.089748345
0.07345561
0.026407331
0.01
0.031033719
0.06706151
0.041737437
0.04931799
0.51021796
0.045236513
0.011116068
0.12979254
0.054180354
0.42268762
0.100532055
0.021443183
0.013408117
0.17248547
0.11763977
0.1315578
0.012251046
0.023003757
0.08210068
0.012651892
0.010390407
0.04166651
0.01
0.118941106
0.06940115
0.028103339
0.08822421
0.026394866
0.08730582
0.066571675
0.070025064
0.039683644
0.07856537
0.010596134
0.07296363
0.07483003
0.03460254
0.013397575
0.09072766
0.13778879
0.08543333
0.041250147
0.029328415
0.029437533
0.03300642
0.034694064
0.12203657
0.071691856
0.2420425
0.07720627
0.030326378
0.05175581
0.07023524
0.036354274
0.028773503
0.064021274
0.02091218
0.05113591
0.053707235
0.050775614
0.012157508
0.08338495
0.04968609
0.018189471
0.012939838
0.05232739
0.011448515
0.01120076
0.7316317
0.66226685
0.7714005
0.017491315
0.043359835
0.014228023
0.32999682
0.24249415
0.061136127
0.037559755
0.09555906
0.18319203
0.05750475
0.052214216
0.02944115
0.3887793
0.497267
0.3174847
0.026981315
0.031059226
0.08424342
0.06374123
0.17661957
0.39001632
0.28451028
0.021302497
0.06943569
0.10085992
0.030500885
0.015150146
0.069926895
0.060967073
0.050578453
0.06729521
0.22336932
0.2477148
0.08275924
0.104320765
0.01
0.08610123
0.013644676
0.039288167
0.19760425
0.09596731
0.02299889
0.10503937
0.17396589
0.07579626
0.6234962
0.20026585
0.19190279
0.42350724
0.168219
0.21717687
0.6325019
0.36343962
0.04971516
0.5253483
0.06403868
0.5556966
0.10612083
0.03071316
0.06910336
0.07996799
0.12304342
0.13703485
0.13333808
0.1715934
0.25411466
0.014169054
0.016331133
0.084223814
0.058272343
0.014037745
0.028460046
0.034006678
0.17504516
0.19957817
0.09374823
0.041156717
0.29723528
0.22177431
0.06229412
0.056223545
0.30171683
0.06973652
0.052011177
0.10700827
0.11053879
0.0187846
0.18804827
0.071522675
0.013832202
0.053007256
0.119374126
0.018609649
0.027315006
0.08545259
0.32786247
0.1535524
0.23527041
0.3558309
0.053339873
0.057643063
0.10957288
0.016687004
0.014981506
0.04957301
0.013995116
0.2491785
0.16196121
0.43253464
0.2501281
0.27531582
0.510198
0.43885186
0.42593753
0.3172942
0.018862613
0.094737574
0.47359797
0.42955232
0.4249928
0.013766694
0.08801767
0.14349599
0.11136302
0.047484692
0.010521657
0.22115336
0.12501296
0.046350375
0.47670832
0.26357418
0.27376187
0.23333113
0.059395175
0.17297961
0.089361355
0.1000197
0.05764382
0.21900034
0.06882604
0.05504672
0.11633686
0.25756478
0.19848557
0.09948047
0.07504748
0.21546285
0.083081216
0.082202
0.08203292
0.017964898
0.097943604
0.15871075
0.061928116
0.17527752
0.023324972
0.042843077
0.3113094
0.047816854
0.038765
0.28124252
0.41530517
0.062400024
0.24884374
0.2398754
0.3536037
0.031792123
0.20663372
0.5015154
0.24413797
0.0257536
0.1244237
0.073685594
0.049921818
0.15597878
0.21483521
0.14592251
0.10143845
0.013154706
0.08967837
0.06738688
0.09702901
0.28045473
0.32313758
0.0180232
0.02756715
0.17008893
0.24572168
0.05742842
0.08589016
0.12591563
0.22832014
0.07653609
0.4401312
0.023883164
0.01
0.063453086
0.043174665
0.04252646
0.057068318
0.13486397
0.021209223
0.04171132
0.54576075
0.10259994
0.046292342
0.14366485
0.01676512
0.023642033
0.01163991
0.071644224
0.04882032
0.018410776
0.13461815
0.037903883
0.01
0.01
0.016155472
0.08026292
0.040938605
0.013125903
0.20345849
0.3693349
0.052116714
0.17864932
0.054899547
0.13055158
0.054269504
0.06333748
0.15477279
0.08285079
0.11491637
0.055110127
0.042502046
0.34800327
0.07859048
0.040475838
0.3292656
0.042096168
0.576761
0.22973268
0.057822295
0.052023564
0.039825168
0.025480023
0.18059953
0.049697895
0.029020658
0.050227486
0.01
0.050748255
0.057561792
0.029658891
0.13555083
0.06865997
0.01
0.27802622
0.097972296
0.168175
0.15034619
0.06881743
0.11414498
0.049057133
0.041160475
0.23289242
0.07037838
0.109601445
0.024448099
0.077804774
0.02653683
0.06897854
0.029877031
0.023345845
0.084367394
0.07105546
0.16759787
0.40029764
0.021910159
0.014872316
0.042654525
0.07730789
0.015115409
0.013647185
0.07609692
0.21384707
0.028660871
0.16056088
0.3329523
0.18450281
0.143475
0.02867283
0.032152638
0.18632159
0.014270781
0.10672493
0.17808959
0.0838887
0.33118945
0.19742578
0.01
0.055942845
0.021832425
0.02797861
0.032469846
0.18544602
0.09420413
0.08399717
0.20752683
0.3361691
0.080991924
0.11213033
0.15416788
0.10023385
0.1368124
0.030933913
0.18214738
0.01
0.023489812
0.013326714
0.22052689
0.05283239
0.010784181
0.0319408
0.014233125
0.02909694
0.041921023
0.023326771
0.1309849
0.07150787
0.01
0.03446094
0.1299833
0.08120405
0.061734512
0.02916534
0.077244565
0.0348857
0.01
0.06886846
0.029031906
0.089441285
0.05087352
0.04633787
0.044234447
0.05619764
0.08875763
0.137644
0.12990887
0.09200818
0.09216968
0.30951518
0.043521844
0.470023
0.066850506
0.014204092
0.32803053
0.09683307
0.09884964
0.025470091
0.038555656
0.073674165
0.0553378
0.082086235
0.048172355
0.086083494
0.05498785
0.04536159
0.085050106
0.31223854
0.018072186
0.02198781
0.038944025
0.062126953
0.025744038
0.01
0.047541298
0.16559228
0.28364766
0.086049445
0.02763949
0.13038123
0.012594303
0.4798769
0.103822045
0.43395263
0.104381554
0.13966003
0.1144407
0.23163807
0.122438766
0.017685099
0.029143509
0.01
0.01
0.19528656
0.07387195
0.051541097
0.14334618
0.1333868
0.04856126
0.011975911
0.12640531
0.103159614
0.085450605
0.017512683
0.034243435
0.013187306
0.12099873
0.4229391
0.0714032
0.01
0.014300365
0.1228078
0.01
0.01
0.013673938
0.10529265
0.31018758
0.18133298
0.3383725
0.18906012
0.022742117
0.059199575
0.10749429
0.056449495
0.06268366
0.029006733
0.05303108
0.08729035
0.08154654
0.20038271
0.047818277
0.025914546
0.05010551
0.1734671
0.17170851
0.050342396
0.3336996
0.02493703
0.1329257
0.030028796
0.08198961
0.060152743
0.025475955
0.11261853
0.1830627
0.04005735
0.01
0.146063
0.022797463
0.049217246
0.17711993
0.048623636
0.09078684
0.08434551
0.07577986
0.060038745
0.042746756
0.01
0.01
0.035684172
0.08249349
0.03557169
0.03898285
0.011802027
0.09337017
0.047200408
0.20377094
0.016073188
0.09572247
0.044122368
0.01
0.06429625
0.17591731
0.027021483
0.101656035
0.01760579
0.10032996
0.01
0.012496936
0.08258308
0.036723923
0.06585114
0.16130702
0.03786549
0.0371453
0.0110081555
0.023253739
0.057130627
0.3221179
0.28344896
0.035762742
0.10324595
0.17319241
0.10065463
0.09230718
0.07098611
0.040819585
0.10784489
0.27608746
0.092538334
0.042592313
0.07464675
0.16130468
0.20297158
0.14285181
0.1520743
0.06617398
0.044642355
0.041797146
0.12207389
0.06651057
0.03575079
0.08011539
0.03824818
0.050191797
0.3789009
0.066478625
0.12555511
0.07624879
0.01006079
0.05469096
0.095170654
0.042625498
0.041998386
0.028343318
0.08124033
0.01486712
0.021364888
0.13136086
0.01
0.02815685
0.02578311
0.03104145
0.01
0.014784608
0.05376156
0.05382968
0.077300325
0.15132444
0.029449524
0.03462947
0.042637866
0.034956217
0.026649883
0.3252063
0.10028783
0.022122487
0.016172292
0.019475328
0.015707918
0.021439966
0.01886747
0.01
0.013417998
0.034140985
0.108123325
0.011662158
0.020268794
0.049793098
0.028081827
0.10038742
0.033719227
0.038081598
0.074272916
0.07134012
0.36709866
0.01705338
0.012438133
0.02736653
0.053077977
0.09817116
0.03041072
0.062955506
0.01825473
0.0451179
0.083387725
0.10285253
0.01
0.012955884
0.040667105
0.02493255
0.06878792
0.059499927
0.050586194
0.10886301
0.26642483
0.07154198
0.12734847
0.06852757
0.01399257
0.04731271
0.027967164
0.08550794
0.03930626
0.023664009
0.034176834
0.13893025
0.073319696
0.016221642
0.026991112
0.013716998
0.09491416
0.056707457
0.08481134
0.019255053
0.019265577
0.016128263
0.023817297
0.028756078
0.0426352
0.016570993
0.0512662
0.01881757
0.01
0.029707886
0.049590502
0.010504107
0.05293184
0.025703
0.02939188
0.08844025
0.025295546
0.12347395
0.015398149
0.017813457
0.039737675
0.10593031
0.03637489
0.040410478
0.053057957
0.102018535
0.18139291
0.28899682
0.017806333
0.034321744
0.02266819
0.015686074
0.06972664
0.05777702
0.022970071
0.013201493
0.030848814
0.032831628
0.053202666
0.1082668
0.052927632
0.105474465
0.077921964
0.019107621
0.20165312
0.07456305
0.07296771
0.04017503
0.022835884
0.040018976
0.03112074
0.17510252
0.12693985
0.12399489
0.016810374
0.066815205
0.26536167
0.048999634
0.029638555
0.10850462
0.10976251
0.17154239
0.2508457
0.022501627
0.044360746
0.03056509
0.045695215
0.020497005
0.02752141
0.07910015
0.09228831
0.0722003
0.16347504
0.01
0.10748329
0.018571435
0.101433225
0.05591735
0.05598318
0.110345714
0.016406387
0.18337761
0.19925863
0.01390215
0.07825174
0.01
0.015942222
0.08141446
0.11490234
0.14446917
0.10740401
0.18171677
0.02735613
0.041848645
0.024255797
0.1551662
0.14544652
0.014653111
0.016320826
0.015661575
0.06505553
0.012060465
0.026628481
0.16675302
0.12817466
0.033702537
0.01
0.08724782
0.034796078
0.0439272
0.05342733
0.04998143
0.020377232
0.031655975
0.045615472
0.020490555
0.0421713
0.03072389
0.015013521
0.03799499
0.02882933
0.041040912
0.032292526
0.09665368
0.027139064
0.06343651
0.0360581
0.06441374
0.016573356
0.01
0.13066813
0.050596785
0.03442837
0.016142972
0.016740331
0.050939642
0.01
0.2662655
0.18728359
0.013140093
0.01
0.010548438
0.035276055
0.059793342
0.017894328
0.13471448
0.04933853
0.016166246
0.045873787
0.03777552
0.030738607
0.06408462
0.10771939
0.01
0.12514602
0.01
0.08967076
0.13314354
0.21014507
0.047230996
0.030840144
0.015637673
0.025789356
0.051708348
0.02288099
0.06025775
0.14640138
0.058763053
0.017004238
0.10722382
0.20196244
0.13117503
0.01
0.20238496
0.07874658
0.01
0.019018415
0.01
0.3112002
0.014755312
0.045069516
0.07963304
0.119859025
0.013756093
0.047278047
0.0911774
0.09673689
0.04201557
0.12300478
0.021202037
0.010208447
0.018105265
0.015603178
0.038568232
0.010405652
0.040648766
0.01
0.03297205
0.038637154
0.0734214
0.01
0.25647998
0.01
0.035196748
0.03286439
0.019712493
0.025052462
0.0961852
0.043335684
0.41138768
0.045822296
0.017224679
0.5365883
0.09748045
0.13051838
0.01
0.021269586
0.045178972
0.13812408
0.03334984
0.22897762
0.05415756
0.023519557
0.041685548
0.080517665
0.035865236
0.023680033
0.1155267
0.01
0.042091727
0.08498822
0.0237828
0.011687077
0.06878533
0.046533998
0.020848088
0.011835363
0.082965955
0.066638574
0.30771008
0.13568352
0.01
0.021795806
0.15050559
0.05678971
0.019585732
0.021351483
0.10927892
0.09674983
0.2850584
0.20470034
0.039510783
0.27154532
0.06911872
0.16385284
0.45476294
0.01
0.031321328
0.06016552
0.06591934
0.065898746
0.04194221
0.030911986
0.041801374
0.05896468
0.036692888
0.076654874
0.079510584
0.118810825
0.098993786
0.05373197
0.15819539
0.2094445
0.019938989
0.027984118
0.03688832
0.16669439
0.070056304
0.08128154
0.03996998
0.016099399
0.057303067
0.11281248
0.10843765
0.01
0.076273955
0.018490853
0.15101908
0.22623219
0.11961861
0.011765972
0.02969479
0.13111831
0.042332575
0.12405485
0.22584583
0.014603327
0.04002841
0.10547534
0.09893269
0.040603943
0.06953526
0.016054964
0.025027778
0.029511718
0.01
0.04141352
0.034868922
0.030557984
0.019230315
0.01
0.18739803
0.025307484
0.06029308
0.0112135215
0.024896238
0.020751605
0.10751377
0.058307827
0.0648075
0.16793008
0.05485859
0.06346093
0.04842551
0.022070445
0.09893938
0.12732877
0.24901411
0.18692113
0.028538901
0.037323736
0.010906766
0.11858404
0.01624029
0.05173169
0.028844167
0.024136772
0.014391159
0.037969444
0.025465593
0.03544583
0.07929077
0.025541663
0.012021943
0.053295888
0.0818496
0.03369814
0.19442229
0.011978637
0.01
0.011473381
0.068935364
0.022302374
0.032556508
0.018981703
0.017065246
0.0649177
0.01
0.028646452
0.055788066
0.038826052
0.027413193
0.043393366
0.019708894
0.10225897
0.02777804
0.044873223
0.16603379
0.03472024
0.01
0.22196533
0.17164138
0.032570012
0.10141185
0.026773063
0.013846488
0.0719147
0.06698671
0.021404076
0.032087673
0.08741699
0.090414815
0.049862653
0.29865614
0.08555105
0.1051582
0.03160449
0.0882954
0.04755294
0.079874426
0.11720328
0.06696925
0.044745293
0.027642159
0.052578487
0.017152093
0.027418654
0.08956848
0.04122432
0.024938043
0.022608347
0.028150665
0.06847268
0.014475853
0.05729136
0.035324607
0.010520748
0.05643594
0.01
0.03838521
0.03348259
0.029704396
0.02186056
0.06049106
0.19395995
0.035521492
0.021542782
0.038102884
0.027808568
0.02876323
0.026532685
0.044474635
0.08742386
0.015183843
0.021276789
0.0180672
0.01
0.038733393
0.093326464
0.034558475
0.01
0.034034006
0.01
0.019274311
0.038857844
0.19301693
0.087872826
0.22991578
0.1618681
0.01
0.022171095
0.019464362
0.43002382
0.01678697
0.025311105
0.030673921
0.03656882
0.14137734
0.046669185
0.05232939
0.1939043
0.11518711
0.07363014
0.016315032
0.041077152
0.04767829
0.06949688
0.058891006
0.029358588
0.25653893
0.1119966
0.059964422
0.19108512
0.029594975
0.018416816
0.01
0.030423243
0.15530083
0.014171153
0.08513846
0.05120194
0.017529083
0.035579037
0.041606728
0.084140435
0.20473738
0.022304386
0.051965095
0.027186282
0.030653011
0.02351276
0.0150175635
0.0905421
0.03429912
0.012776282
0.03802185
0.018216955
0.015350546
0.025387447
0.030965986
0.025708966
0.07467726
0.07133516
0.091210775
0.01
0.21131095
0.042096112
0.038306653
0.031575862
0.017185211
0.1356661
0.01
0.022708442
0.023459172
0.01
0.046912964
0.036091458
0.012579842
0.07031968
0.06408313
0.029204793
0.01
0.058263972
0.06404382
0.107081465
0.046504732
0.023411075
0.14046137
0.073017895
0.052773245
0.02955349
0.01312641
0.04822553
0.084757
0.04701421
0.056984346
0.13346006
0.12861265
0.060121145
0.01
0.0643096
0.06589024
0.09064459
0.010793697
0.093424715
0.04524064
0.019345613
0.01
0.04051812
0.038378574
0.05991856
0.06390411
0.06406403
0.051431965
0.01
0.05177688
0.077846915
0.043717366
0.034591
0.089941904
0.04260405
0.05652093
0.06671705
0.06371242
0.036126424
0.028422544
0.06622893
0.04117427
0.07109798
0.061975185
0.15259084
0.016256623
0.037164535
0.15723374
0.013131655
0.1770958
0.22978982
0.06931399
0.07135802
0.09616391
0.012489953
0.14214721
0.041203316
0.04470455
0.01
0.04012916
0.028708952
0.1453216
0.05972471
0.075193815
0.06351597
0.06141784
0.031548988
0.08758216
0.101413205
0.04256988
0.029836174
0.099384084
0.04771511
0.23501588
0.021943199
0.015110824
0.011993612
0.01
0.01969787
0.14943865
0.11716059
0.0710406
0.09370135
0.01833519
0.038923755
0.011841626
0.0142936595
0.01
0.040662624
0.026680823
0.04471687
0.09657088
0.029565921
0.024503807
0.023853352
0.0874074
0.31823856
0.1908352
0.033535406
0.07638332
0.20953825
0.01
0.54666674
0.1388362
0.067457505
0.02467272
0.1116381
0.06817921
0.075645186
0.01
0.024564264
0.03977412
0.03641826
0.046485584
0.029945467
0.14224368
0.046788312
0.04274137
0.071543105
0.0336631
0.059600722
0.019041805
0.01
0.01
0.01001724
0.031255804
0.01
0.087538466
0.02299797
0.0132487295
0.024805725
0.047015652
0.020242423
0.074474744
0.08190713
0.025695441
0.01
0.12941073
0.16913787
0.045632437
0.034995217
0.01
0.016371543
0.059790794
0.019106539
0.06552518
0.13066421
0.019509234
0.01
0.0181869
0.010419361
0.016476827
0.017604174
0.0884562
0.06166775
0.060648102
0.2572125
0.03654722
0.049815904
0.05143151
0.31609932
0.03490018
0.01
0.034527626
0.0321822
0.015776105
0.041938536
0.082366794
0.070667356
0.14553322
0.01566165
0.018510105
0.24398118
0.079795636
0.2987118
0.030057764
0.21029568
0.01
0.016976466
0.032990284
0.013556665
0.029622542
0.019984385
0.019465657
0.022842428
0.014257193
0.015316915
0.052088585
0.01
0.010183275
0.4081208
0.01
0.023296217
0.055819344
0.10183268
0.22960646
0.049477562
0.06280919
0.02392638
0.019408623
0.081998974
0.01
0.011546705
0.06817078
0.058005836
0.029008854
0.057224788
0.030600933
0.01
0.030428618
0.039474346
0.019946115
0.01
0.035180397
0.013216278
0.01
0.050107278
0.10250896
0.048348684
0.03481404
0.053583596
0.1449543
0.027414503
0.01
0.010055136
0.16337584
0.042105515
0.043730944
0.036975697
0.11439209
0.18038908
0.011641226
0.022935076
0.07534192
0.0627992
0.026285341
0.25246522
0.17688587
0.043380857
0.1291497
0.32154742
0.016286267
0.01
0.1148927
0.14674954
0.023610014
0.041300327
0.060826156
0.07453867
0.107868105
0.040386602
0.034369677
0.02792961
0.028847806
0.040406138
0.022818716
0.022525905
0.01
0.03886937
0.044588957
0.065683
0.021686865
0.024196142
0.048107263
0.0836292
0.041558325
0.049430363
0.012144905
0.039155234
0.04829156
0.05043457
0.051793147
0.0661834
0.02646384
0.27103177
0.056070883
0.046235356
0.15943834
0.028290147
0.024509044
0.07643824
0.061017103
0.060453925
0.13860157
0.026527459
0.058679808
0.2293336
0.041633267
0.13656151
0.013971166
0.21341275
0.013184248
0.23082063
0.01350959
0.11747128
0.11237976
0.013675308
0.22363615
0.01
0.06737181
0.022646165
0.031242931
0.059976466
0.011758711
0.08261339
0.10014981
0.028607436
0.023216391
0.029393705
0.037556287
0.020045115
0.01
0.12484007
0.04406077
0.1407222
0.078620635
0.04333517
0.1797734
0.04433166
0.033427745
0.039819844
0.27557597
0.45059195
0.022183679
0.18724963
0.109524675
0.11637239
0.2633522
0.10119585
0.01
0.23758416
0.03921358
0.011194165
0.07713556
0.01
0.30258304
0.079048425
0.084998675
0.03536992
0.09480149
0.020813398
0.01
0.071267106
0.053366773
0.01
0.02773978
0.013738146
0.025138602
0.019389143
0.02106489
0.036416695
0.03135346
0.03164041
0.054396003
0.09830909
0.014238907
0.034387283
0.12525271
0.033259198
0.1166789
0.23624262
0.01385231
0.010331755
0.020561075
0.053516738
0.011429061
0.16710976
0.016513487
0.01
0.21858089
0.038047884
0.058059882
0.14525577
0.15682809
0.103905186
0.019569736
0.01
0.01
0.03542279
0.26653033
0.053337548
0.047822975
0.040526517
0.038487934
0.01
0.074614935
0.019278474
0.09552201
0.026361821
0.113336325
0.07646311
0.06698723
0.05971743
0.038291533
0.037787776
0.054955292
0.020322615
0.14330831
0.01
0.020130701
0.05176997
0.055795003
0.038438506
0.14121161
0.060442705
0.031402946
0.016045906
0.023188235
0.11703955
0.06933617
0.28925803
0.07929624
0.11131562
0.1151434
0.20427388
0.016010469
0.05112623
0.14860052
0.1926704
0.02138924
0.011239816
0.01
0.09880552
0.25201118
0.04863225
0.06565488
0.073586024
0.029414203
0.01
0.031229323
0.14635232
0.12675649
0.108641714
0.08329181
0.11423596
0.3180048
0.02577824
0.021342259
0.035013117
0.05011522
0.049168896
0.017036324
0.06496514
0.04550781
0.015530609
0.029689275
0.011893221
0.01
0.027338939
0.07942799
0.11424429
0.104062565
0.03221998
0.07182735
0.025964739
0.01
0.01
0.021866914
0.15023178
0.03264269
0.01273112
0.12844501
0.044109136
0.030229375
0.01
0.059843104
0.01
0.055207644
0.094723485
0.12049257
0.06410722
0.03746981
0.01
0.027263602
0.04420826
0.040655572
0.016176049
0.22427246
0.045868643
0.01849159
0.02272608
0.02431341
0.021391202
0.01
0.09112832
0.043653283
0.032957245
0.01
0.015576173
0.034606777
0.027724339
0.07685014
0.056164388
0.01
0.014627212
0.047343824
0.033219058
0.017658295
0.069974154
0.046086323
0.030458316
0.01
0.012370327
0.01752147
0.011846293
0.020102175
0.014998663
0.020022519
0.01
0.01
0.06676272
0.019131154
0.03834705
0.01
0.08525789
0.03237946
0.048521675
0.072808914
0.032462995
0.015474461
0.041026354
0.10843523
0.31416738
0.14833087
0.068382084
0.030956145
0.08235624
0.020534089
0.011648262
0.01
0.01
0.022190254
0.035520423
0.103972524
0.08880835
0.18636467
0.020026062
0.014507295
0.023096003
0.041510627
0.109025754
0.054968763
0.04979086
0.28635573
0.20031548
0.15152778
0.015680134
0.01
0.19971663
0.04680814
0.026102532
0.07346711
0.026967822
0.0634531
0.072728604
0.022438841
0.04432073
0.041269414
0.01
0.2537942
0.018469663
0.10911386
0.16801266
0.075094044
0.17157179
0.20833232
0.01
0.040082864
0.013369117
0.27005094
0.45465538
0.048669
0.16927202
0.088813424
0.032387905
0.42567825
0.09736764
0.16353607
0.0259012
0.020494785
0.012035378
0.045321066
0.012896425
0.01
0.052887157
0.1313401
0.10586575
0.05537149
0.05346885
0.015896766
0.09437469
0.2925036
0.07394881
0.046391502
0.122641325
0.02134483
0.058087647
0.050937038
0.047293726
0.031322636
0.01
0.05339539
0.2368513
0.38271585
0.11345474
0.20045656
0.40838537
0.658016
0.30202082
0.28530407
0.3813521
0.49920708
0.44059
0.15594427
0.22400367
0.11084579
0.45412746
0.17995605
0.1021355
0.5921691
0.22563013
0.21246974
0.21933419
0.070429616
0.22751898
0.36927295
0.3250449
0.45713848
0.02384243
0.04726412
0.023896469
0.43932036
0.30628583
0.098863274
0.6951297
0.87371534
0.8607407
0.13625097
0.032092623
0.18481515
0.05025973
0.51314336
0.2788333
0.8834516
0.10963406
0.08045724
0.6148721
0.513697
0.35746852
0.44274172
0.36093515
0.17447835
0.35758567
0.19319384
0.2734311
0.19995414
0.64331216
0.65003157
0.20342682
0.25771582
0.77589613
0.06111268
0.06269836
0.19384392
0.025343442
0.09158581
0.35683897
0.43575373
0.4867182
0.011973101
0.059350163
0.0182124
0.14984621
0.6240095
0.5811614
0.2875979
0.52819455
0.41107246
0.2514836
0.65687925
0.13448033
0.47407004
0.5281875
0.45759422
0.91285473
0.0312825
0.26719293
0.5882871
0.48785794
0.11944727
0.13247263
0.05714095
0.31612334
0.01
0.010349924
0.85198027
0.42523515
0.2775674
0.08395358
0.50883204
0.6105686
0.25154585
0.13988224
0.16391177
0.7100685
0.5354638
0.8384118
0.81987506
0.26117432
0.07809392
0.66232115
0.5687542
0.551286
0.8537676
0.11539618
0.39306736
0.45955366
0.508376
0.08918329
0.36275977
0.39764714
0.23439026
0.33836105
0.46364775
0.72529864
0.34520724
0.17227809
0.031700514
0.13101882
0.2799571
0.17923073
0.07084525
0.016648468
0.041160583
0.07728917
0.030965103
0.11180541
0.10657355
0.03468148
0.24455447
0.05089913
0.4940835
0.38165277
0.1393211
0.09268594
0.1948187
0.12928508
0.1684682
0.04954991
0.16766094
0.31932396
0.71885556
0.23058836
0.07159296
0.078498185
0.17555936
0.17805251
0.31349784
0.24361713
0.26823562
0.054622382
0.5303779
0.08635985
0.41837198
0.57489514
0.07763893
0.018279726
0.3489265
0.28112236
0.300744
0.18374942
0.38890904
0.4706777
0.3336496
0.85347956
0.66621125
0.24523298
0.05090762
0.52858955
0.27195796
0.50973177
0.26010752
0.27791587
0.018953435
0.05438834
0.047024757
0.567778
0.2072512
0.22754444
0.1965948
0.17803128
0.35920596
0.41077745
0.48626196
0.36942065
0.14988951
0.40041298
0.14514993
0.10810515
0.09536135
0.052335642
0.110925406
0.3051201
0.17600787
0.4550088
0.95155776
0.03173144
0.3833829
0.052915607
0.047151282
0.21184693
0.20062152
0.2749137
0.22879426
0.121199
0.23161787
0.33450392
0.58751124
0.04422577
0.11908026
0.1522338
0.12076262
0.78671
0.7025777
0.65251815
0.055460446
0.042752758
0.70776296
0.56308246
0.19037311
0.32352892
0.2339782
0.13267805
0.7211838
0.3308895
0.32529452
0.049532287
0.30297
0.4593473
0.21310966
0.40714276
0.14545307
0.22590919
0.2966767
0.32686058
0.48057622
0.32844883
0.6111203
0.5509417
0.63466996
0.5499384
0.5822983
0.79538244
0.7561012
0.59030056
0.4009187
0.46688953
0.17644268
0.7061692
0.29962173
0.40752125
0.42239723
0.17351808
0.18692033
0.2414238
0.023421418
0.17352016
0.11975514
0.13978404
0.2554281
0.2907107
0.6238065
0.41411
0.15652502
0.33966917
0.25801858
0.38479733
0.4597251
0.09908306
0.051102363
0.13302691
0.14140873
0.33317637
0.37437645
0.207119
0.15745124
0.8420379
0.816883
0.7748325
0.66112417
0.100779235
0.105252706
0.30499825
0.4037191
0.16922985
0.36016124
0.7590139
0.9125704
0.8001295
0.17416917
0.34215203
0.434733
0.4072409
0.53360337
0.36546883
0.42912075
0.26960823
0.38134912
0.37850308
0.41379052
0.81259686
0.75021976
0.93678415
0.77589613
0.66460073
0.3338902
0.31380808
0.65057945
0.40918282
0.2744543
0.7075266
0.72197205
0.7579081
0.19246921
0.30761537
0.3364992
0.19036964
0.3369031
0.618984
0.70359945
0.78530633
0.19622025
0.1487081
0.71467465
0.06988966
0.122117095
0.043285407
0.42008153
0.06013564
0.13073547
0.14920877
0.043166302
0.16320033
0.056934424
0.1669532
0.2982744
0.38000745
0.46318877
0.3534176
0.080381505
0.3155589
0.20341507
0.071186714
0.066601925
0.1102216
0.09947359
0.32491702
0.3648683
0.06705131
0.19407389
0.81527036
0.81725025
0.566416
0.66693044
