0.21564558
0.10527023
0.10326028
0.08378159
0.16694689
0.089208685
0.067543074
0.066339664
0.18668172
0.06769096
0.09371643
0.20888525
0.08186764
0.19503623
0.17277946
0.14340386
0.18520306
0.099751696
0.09539089
0.12685877
0.20511612
0.23750876
0.29873583
0.20766598
0.19051945
0.13672094
0.13864402
0.22125115
0.12036029
0.11520752
0.45813802
0.14326262
0.091518275
0.14153951
0.15501888
0.21164148
0.23108304
0.16617571
0.1428699
0.199508
0.122799896
0.121181026
0.12090855
0.20987517
0.15714395
0.1893106
0.18752357
0.24669842
0.2477964
0.2469216
0.24114977
0.20090964
0.13492431
0.07477493
0.105973534
0.20938571
0.1858388
0.20456739
0.07848974
0.108461596
0.08937781
0.49032417
0.4866277
0.14927147
0.1379174
0.16392106
0.16443408
0.1338771
0.15498891
0.14282124
0.26586753
0.20098883
0.13348648
0.14795403
0.15931234
0.077917956
0.103688926
0.09219771
0.1140315
0.05778411
0.078088805
0.24749221
0.05174316
0.053724125
0.20936681
0.13045959
0.4895007
0.47615904
0.039022483
0.10915394
0.07389913
0.032905232
0.1427879
0.167961
0.08154544
0.22296906
0.17377737
0.15370852
0.24393713
0.19081676
0.14671221
0.16023485
0.16287756
0.16271175
0.08274745
0.05495357
0.15912028
0.09685949
0.3615483
0.29825485
0.28050506
0.20148055
0.17353526
0.13410571
0.17708218
0.03793229
0.21818136
0.026153505
0.007439685
0.020353615
0.015035275
0.15762088
0.1700186
0.12240931
0.20404817
0.49606475
0.49550897
0.49540544
0.49688038
0.49285755
0.15365182
0.20121619
0.17225564
0.12200765
0.15103711
0.12681483
0.19872919
0.033617873
0.097889125
0.14472698
0.17626661
0.05061196
0.09877083
0.08552218
0.018514408
0.3051225
0.13235617
0.16964845
0.24823892
0.20280753
0.12215347
0.21656045
0.22988015
0.30796707
0.1261588
0.11340206
0.055055473
0.11042448
0.11404167
0.10593125
0.14319578
0.15061179
0.08993562
0.11032883
0.22787873
0.20548186
0.15143116
0.15705846
0.29217887
0.20492034
0.16236563
0.09829486
0.22977504
0.21714585
0.17215435
0.28167295
0.37254864
0.06450716
0.1472061
0.16200173
0.11623132
0.12240931
0.47478718
0.09092159
0.20968662
0.20248632
0.32071
0.1636384
0.050168555
0.20397288
0.07451213
0.007856083
0.07894227
0.11248483
0.102829464
0.10729338
0.21567616
0.10414473
0.13978279
0.490463
0.034508254
0.11345153
0.025432166
0.04804917
0.1604187
0.05563081
0.029956603
0.03461758
0.041935407
0.03478656
0.21947926
0.18406606
0.22156283
0.06366182
0.08651217
0.077941515
0.05860602
0.10963796
0.15985726
0.16762145
0.020463957
0.4831935
0.15022387
0.45717815
0.3240421
0.45261866
0.25141633
0.1423703
0.15352076
0.22247607
0.16291268
0.118814714
0.21575895
0.2367569
0.068510786
0.37374875
0.063718215
0.045268465
0.062910244
0.13630734
0.0789916
0.03785351
0.09013823
0.18971594
0.16699603
0.17475289
0.49717793
0.4954186
0.17276111
0.116917916
0.122284144
0.08043182
0.057742044
0.22953199
0.22954108
0.22782353
0.045295965
0.047384787
0.053185325
0.08256516
0.19977055
0.18114765
0.16958573
0.25249794
0.18021463
0.06575395
0.15387292
0.07019699
0.17256047
0.15480782
0.3661894
0.05895516
0.06434115
0.08214376
0.07355307
0.08488086
0.33227155
0.42417186
0.063615635
0.123761475
0.26782462
0.12794536
0.10247467
0.10846153
0.34295082
0.21614555
0.22041368
0.010756781
0.12094933
0.09678315
0.08330194
0.06893844
0.14699376
0.18174826
0.03584585
0.24416833
0.311778
0.18072313
0.27276662
0.3357464
0.06993454
0.23799987
0.119138576
0.09105946
0.22604467
0.17180647
0.17209664
0.14797081
0.2412308
0.025102528
0.04124228
0.060185425
0.17394646
0.030736191
0.1167334
0.23492853
0.21390125
0.19069979
0.10601951
0.10841667
0.18053508
0.16411752
0.16550456
0.15995821
0.093337804
0.21114343
0.23005056
0.14928561
0.11483291
0.49736258
0.08595723
0.07023482
0.13450807
0.36936736
0.16055293
0.09789302
0.46242368
0.27679417
0.18428637
0.13118431
0.06482393
0.22413252
0.23417616
0.2450213
0.405447
0.21670838
0.25988925
0.024873422
0.0030962569
0.0028667115
0.20070134
0.1513257
0.20705071
0.06984627
0.15266894
0.1031642
0.0007035372
0.4733784
0.16728932
0.09741332
0.20177196
0.3514809
0.28251195
0.15815562
0.295286
0.22310363
0.19589694
0.3872265
0.19373041
0.12890634
0.14606065
0.17091401
0.23205459
0.13771196
0.39125985
0.08976172
0.1424232
0.043749195
0.051972177
0.11650319
0.03129404
0.03137274
0.10414012
0.10996214
0.35625252
0.15615343
0.15601097
0.12332996
0.07806713
0.24764828
0.21742356
0.04016758
0.071972616
0.20464005
0.38688594
0.49170488
0.18054937
0.09132218
0.21067064
0.08394462
0.19892073
0.026895028
0.40245214
0.05935908
0.09154345
0.47537845
0.4830273
0.20363846
0.16802627
0.12617311
0.24748959
0.16088533
0.1379528
0.16935231
0.22274323
0.045303874
0.09475735
0.06178739
0.09072595
0.16375665
0.26833853
0.21730009
0.24770315
0.235439
0.12887451
0.11094436
0.40774515
0.31262618
0.49176788
0.040412083
0.12740038
0.06158897
0.091026574
0.15764324
0.17689826
0.09068298
0.20092323
0.19574098
0.49540466
0.49516407
0.112538174
0.008161998
0.2043288
0.14185596
0.060981106
0.11387257
0.23421599
0.0014178501
0.12884632
0.13075647
0.13173245
0.17843455
0.12516399
0.15783001
0.18974975
0.13587032
0.0445704
0.06587465
0.026409306
0.12211358
0.032491937
0.1079646
0.15795526
0.17267188
0.17623504
0.39051124
0.13108511
0.1659515
0.10483419
0.08941286
0.11184565
0.14453441
0.20770608
0.09813104
0.14653867
0.27647623
0.22117779
0.21352044
0.0029828756
0.014721198
0.0019932152
0.43785334
0.15866068
0.11292435
0.13802725
0.20382169
0.22358446
0.016849874
0.010712206
0.052914068
0.18585706
0.16688138
0.17486916
0.16043434
0.10408604
0.18587159
0.14541583
0.11058685
0.17072132
0.42602125
0.3837449
0.08610749
0.062853865
0.36395434
0.22315875
0.085767664
0.18450989
0.15698732
0.108507924
0.07098479
0.21870476
0.15560238
0.21847272
0.044363894
0.053062912
0.12650368
0.047057897
0.09530448
0.10318678
0.09434826
0.24410439
0.020338044
0.21595345
0.09823831
0.037727628
0.10432466
0.1516282
0.36667153
0.050344903
0.13705964
0.095425025
0.094339535
0.1847221
0.2557988
0.26981077
0.2485639
0.1744613
0.12060541
0.11322969
0.19836476
0.13788885
0.095780104
0.23745994
0.17040099
0.21155056
0.20125078
0.05742847
0.06725546
0.10780471
0.07717437
0.1719696
0.1996272
0.12654896
0.08516335
0.22489151
0.025860602
0.057455283
0.036694244
0.24885313
0.068639845
0.014786685
0.015395064
0.08267624
0.12302474
0.22338955
0.12945624
0.085401826
0.16529088
0.09436293
0.16496325
0.09136573
0.41781038
0.19151154
0.13335605
0.1423897
0.12840319
0.17823248
0.2291998
0.07354078
0.132858
0.18853834
0.1975347
0.19206017
0.21455118
0.20034254
0.09679448
0.087302536
0.1208778
0.073346615
0.08057067
0.18556988
0.19153045
0.041347675
0.09328384
0.11088098
0.013480604
0.19906479
0.030341243
0.04774294
0.17387034
0.016578812
0.08599313
0.041696377
0.05678018
0.04454751
0.18744174
0.33461815
0.1672462
0.09765038
0.12736465
0.20646942
0.0051917145
0.24919443
0.47882813
0.4924534
0.4927088
0.0062998882
0.046749104
0.069221884
0.04537891
0.081812784
0.15649195
0.4971585
0.10711238
0.27228844
0.22226584
0.13393022
0.068776846
0.08471336
0.056202974
0.15026294
0.017007632
0.15730356
0.12469481
0.35720173
0.18902154
0.16669366
0.19353573
0.20767897
0.17407656
0.24551186
0.25489426
0.22409835
0.3004255
0.2816959
0.11404073
0.08530783
0.41025594
0.4209062
0.39195213
0.44359347
0.08757959
0.08311609
0.18671443
0.0769009
0.107999
0.16278581
0.09288988
0.2027399
0.20352265
0.21514997
0.1965083
0.18054037
0.2362493
0.16752033
0.077656366
0.1911384
0.30068567
0.20700072
0.068698265
0.060036972
0.12549609
0.49506038
0.23073645
0.2352084
0.14323358
0.19044365
0.20277734
0.14552394
0.1260602
0.19695628
0.14561994
0.19738147
0.11906816
0.20615037
0.09962937
0.21059714
0.15700123
0.26982552
0.10992864
0.032919817
0.018747035
0.20120738
0.1640591
0.20935923
0.13006152
0.02618619
0.22783378
0.24485263
0.2833405
0.020996414
0.118736185
0.10682737
0.28724164
0.010543596
0.14175062
0.022045158
0.18976845
0.15586522
0.18799646
0.35244918
0.1968049
0.06384119
0.121290945
0.19103631
0.16199021
0.12318781
0.12346652
0.21995956
0.24089114
0.13223144
0.33038235
0.11905444
0.16001797
0.11351107
0.22959028
0.24238496
0.07266692
0.07568991
0.40865573
0.2813326
0.016059507
0.06859962
0.11424214
0.14933294
0.31287536
0.40986168
0.11405755
0.0988288
0.1967505
0.38008773
0.46176144
0.39474687
0.15073355
0.2050299
0.077934064
0.05945248
0.08470808
0.033147786
0.095869415
0.21569566
0.19042541
0.2010383
0.15509924
0.1322255
0.037451543
0.063376255
0.05658137
0.043671984
0.108023465
0.07748789
0.078319974
0.14176865
0.20630035
0.46739024
0.114406064
0.17865576
0.08364067
0.1704399
0.049542207
0.0937185
0.1473213
0.1960617
0.20564963
0.41388622
0.437055
0.2329645
0.17991082
0.16041014
0.16850978
0.22769362
0.15877376
0.12304717
0.16705954
0.021334467
0.17635375
0.016998189
0.23380747
0.18277085
0.03498203
0.3018395
0.21798134
0.13786085
0.08922767
0.07677258
0.053952873
0.20646518
0.09324626
0.109183274
0.14045954
0.24035917
0.23917031
0.2517596
0.20849256
0.13441229
0.04893903
0.08696112
0.17237869
0.21329024
0.09238259
0.13439548
0.05044251
0.2065652
0.057433065
0.091315396
0.06434956
0.11324527
0.11889669
0.06325425
0.057312995
0.06634158
0.07738537
0.16243711
0.1712217
0.12320158
0.08515682
0.09843625
0.1614832
0.14052789
0.10333728
0.05753095
0.23469657
0.18752511
0.11335926
0.11155534
0.14831044
0.04808067
0.018044535
0.11611278
0.032981627
0.19125547
0.09010816
0.21670018
0.22295307
0.02952277
0.009325485
0.48859242
0.122387245
0.10247467
0.021181302
0.18054037
0.26742816
0.49032417
0.2326326
0.23099588
0.15951683
0.16908878
0.009147434
0.0210697
0.17809127
0.04888795
0.21758264
0.046197854
0.045382794
0.051748835
0.0548897
0.084721945
0.23919192
0.23125443
0.25385353
0.0759223
0.08360835
0.09334502
0.009014702
0.038864627
0.4910096
0.49295864
0.21402603
0.18822132
0.044341013
0.13480225
0.25891206
0.39181006
0.11976532
0.08608484
0.0023381775
0.4672876
0.37219647
0.19688751
0.10836137
0.039910592
0.004458714
0.027977629
0.47910866
0.08293788
0.080840535
0.252571
0.1979939
0.10271186
0.077472895
0.10526881
0.0830627
0.0012691276
0.051521707
0.0173907
0.08870236
0.08727143
0.020390173
0.18301718
0.02558891
0.02179328
0.06939351
0.14783174
0.06955009
0.06524875
0.070110954
0.0677979
0.0688201
0.06991093
0.057509456
0.48579088
0.49168995
0.49336138
0.48317334
0.06110043
0.13278809
0.07780949
0.089184456
0.15819459
0.084163144
0.13789135
0.20769425
0.29231992
0.18114977
0.071257874
0.18665923
0.029929314
0.16856128
0.033298597
0.49333018
0.47426897
0.49309865
0.48712647
0.09761372
0.12842074
0.18874983
0.07347863
0.35985947
0.18607464
0.05055738
0.16100387
0.059471868
0.07625616
0.055095382
0.05398436
0.0866806
0.11654732
0.47275478
0.45000115
0.48921564
0.49389216
0.4929957
0.4852214
0.48916572
0.48849136
0.19578081
0.37737036
0.14293031
0.20218053
0.1855648
0.13475248
0.107459284
0.4916125
0.48170006
0.019771144
0.06578749
0.16996658
0.060180232
0.12454527
0.2373938
0.49612886
0.49363524
0.21666646
0.49575096
0.49503222
0.06682886
0.18338323
0.04982228
0.15633374
0.06692565
0.3585289
0.38462088
0.06416403
0.12628779
0.14023235
0.06483908
0.08405543
0.118030064
0.16489072
0.10376193
0.16014963
0.31037682
0.17565061
0.44401592
0.46138155
0.2486493
0.2456035
0.169163
0.285157
0.48755476
0.20546147
0.19409269
0.03751942
0.43048164
0.41956896
0.43793535
0.43689805
0.14310567
0.22840531
0.22452344
0.17880194
0.26121962
0.13387512
0.05282194
0.19373041
0.25580114
0.11861171
0.26887167
0.13481098
0.19307855
0.028525673
0.2752127
0.29311502
0.47384655
0.19111903
0.1911384
0.16920534
0.17182711
0.1243122
0.13132086
0.15078717
0.090463385
0.1478419
0.21909446
0.09677214
0.09859541
0.10502945
0.16556399
0.09187061
0.32292652
0.055788692
0.104595274
0.07622665
0.025102798
0.10606835
0.031141747
0.14759694
0.18850558
0.1819979
0.15276493
0.05928192
0.05284526
0.13642383
0.15466343
0.12069437
0.02782321
0.089940704
0.13754833
0.30341303
0.2542977
0.12989971
0.46533248
0.11618626
0.048448782
0.15231721
0.16537136
0.15561381
0.16688016
0.1705031
0.11125789
0.1571469
0.13907363
0.19399655
0.10412973
0.21282068
0.12534447
0.14346
0.19625168
0.21668059
0.23585334
0.22881663
0.41261604
0.17253985
0.13943557
0.15084863
0.124816746
0.013474448
0.11077074
0.21459997
0.43633193
0.04266207
0.20614214
0.14580691
0.14245327
0.08394462
0.017622393
0.05936679
0.079800844
0.108023465
0.18349536
0.085210524
0.13642795
0.12011964
0.051666018
0.14367856
0.023945184
0.060518846
0.020476127
0.24660534
0.05967791
0.0051553883
0.15137525
0.038638253
0.061080128
0.2046168
0.09424002
0.14302082
0.10840087
0.13940097
0.09564269
0.41200942
0.070897914
0.07650698
0.18845606
0.12752865
0.13874389
0.03671228
0.17631228
0.18408124
0.13813783
0.12986313
0.118812054
0.20353746
0.13712142
0.23457855
0.00271757
0.05281347
0.04304947
0.18110572
0.066367105
0.11970565
0.046301313
0.06263416
0.14733924
0.086013936
0.11574361
0.083510384
0.054822236
0.03495807
0.11766723
0.10914314
0.17356436
0.17734426
0.09673092
0.06935131
0.05133385
0.0477674
0.07023781
0.07038212
0.23736282
0.24696678
0.22413062
0.121660635
0.15675461
0.046638984
0.27441075
0.1422025
0.010491868
0.13277622
0.30669525
0.008192078
0.0339504
0.1032929
0.06866676
0.06479253
0.13939533
0.19341391
0.19238247
0.18959492
0.15816775
0.1585388
0.16840598
0.23878743
0.09031202
0.1712405
0.0902339
0.19913666
0.06104995
0.12303278
0.060255993
0.1606735
0.11359981
0.13002723
0.12012638
0.0866199
0.056767143
0.056463555
0.16681755
0.06667979
0.024917066
0.17736693
0.22670923
0.04514739
0.15327477
0.06381437
0.07629097
0.12034876
0.13386683
0.08376278
0.12016584
0.12934643
0.09872699
0.046577398
0.012780131
0.012105243
0.038447604
0.14331093
0.1449614
0.16744734
0.05517097
0.31424025
0.07524083
0.010692093
0.056872826
0.04806623
0.054193497
0.11318454
0.15655658
0.15722246
0.16468675
0.046216257
0.14742482
0.09616038
0.13299397
0.014480806
0.07022373
0.077902265
0.052379534
0.09514187
0.042128596
0.06910256
0.13321933
0.10293718
0.08838735
0.073297694
0.101960115
0.07703624
0.08560228
0.019788517
0.034549806
0.09690308
0.046840657
0.09541945
0.043734614
0.07898022
0.051128335
0.09631811
0.06329354
0.037150685
0.18701355
0.07535459
0.035800926
0.07865745
0.01623645
0.04102243
0.075113155
0.093931705
0.17652205
0.14069387
0.38999686
0.16082788
0.052766107
0.13851722
0.061925992
0.14045502
0.10939162
0.09144476
0.041691616
0.15106274
0.07899753
0.046719883
0.06655803
0.027191756
0.07985787
0.06912974
0.08339127
0.047842
0.044295523
0.017846968
0.124940515
0.06435556
0.09032545
0.077151135
0.016144766
0.17246377
0.2218768
0.20418832
0.14675903
0.11698016
0.040980417
0.092662685
0.061378196
0.18232094
0.450432
0.4072693
0.36483544
0.38655198
0.45530212
0.15329877
0.18211725
0.08671371
0.14747317
0.21769218
0.43419522
0.062207855
0.010449158
0.055784274
0.08292765
0.07101836
0.023819651
0.054181144
0.028537659
0.067202516
0.0747371
0.03713576
0.07324609
0.06324371
0.082366474
0.05669979
0.10945179
0.07572486
0.021294177
0.049758185
0.010966329
0.09079176
0.041500874
0.007272025
0.0032496466
0.163789
0.03787157
0.05982189
0.087025106
0.19831567
0.24936955
0.10441227
0.016297286
0.12682751
0.16508012
0.11156272
0.021175817
0.073928766
0.02960593
0.19997597
0.06347885
0.049175028
0.056407835
0.025349991
0.0067452835
0.48606834
0.11080411
0.071569905
0.03298811
0.13196684
0.16556819
0.19618507
0.1387607
0.22723648
0.22332811
0.15484816
0.27427715
0.05299544
0.1327883
0.051460553
0.13665272
0.1673605
0.14386176
0.13050221
0.23550746
0.04060145
0.24026282
0.22801931
0.16399795
0.15397073
0.061323117
0.16256283
0.42831337
0.18608254
0.13442665
0.029491445
0.035803363
0.07134309
0.13692094
0.08055153
0.1427726
0.15184338
0.1009568
0.08374966
0.09718252
0.088769555
0.15045747
0.07885698
0.01841013
0.008773261
0.21977726
0.09764672
0.114444874
0.015717674
0.0066465256
0.08332835
0.09667883
0.14302158
0.120364055
0.06818262
0.029394569
0.03069793
0.07189656
0.12282561
0.082428224
0.017532064
0.2623042
0.3769155
0.26800558
0.24414515
0.21029912
0.20546164
0.061125405
0.07892692
0.13312162
0.04466913
0.052864425
0.1453168
0.12664913
0.13182779
0.06491975
0.08435364
0.028080897
0.022212945
0.124416836
0.18339483
0.043935414
0.05533354
0.025117159
0.046277396
0.49299988
0.4844964
0.15515514
0.156178
0.16895042
0.031236721
0.20111534
0.0988483
0.041558906
0.09811769
0.21737772
0.12791762
0.17401703
0.08259
0.08717598
0.11242169
0.05472219
0.17606562
0.119283415
0.044769146
0.020730061
0.35918483
0.095882274
0.069971494
0.09097827
0.13296713
0.15921979
0.08528118
0.082600385
0.061328467
0.19798516
0.07417981
0.074461505
0.042289447
0.22008732
0.16805202
0.1850821
0.18376255
0.1334874
0.025146341
0.3916231
0.1619668
0.07096679
0.11190067
0.040323455
0.0042120083
0.10222343
0.009794997
0.06712232
0.059512515
0.06870054
0.083202876
0.076300085
0.20097294
0.20691429
0.08310523
0.037036963
0.16654223
0.108213246
0.026588133
0.07549164
0.24454786
0.049032144
0.07876655
0.11681705
0.276453
0.048851576
0.19599363
0.08796242
0.15619957
0.14833945
0.33344558
0.009562871
0.05563159
0.0862749
0.17532316
0.16869722
0.093852215
0.016049955
0.0148567315
0.06816045
0.08601862
0.14521626
0.17778671
0.08791761
0.14291017
0.058995467
0.056618832
0.06969712
0.10424952
0.114523076
0.20204906
0.11349488
0.08329807
0.02512046
0.019466639
0.014281457
0.02276937
0.06606812
0.050940625
0.15075898
0.086541854
0.050841715
0.020915339
0.04935592
0.06680174
0.05982666
0.020142702
0.10933695
0.39208454
0.12545763
0.051144566
0.081665754
0.06026494
0.040417317
0.04254297
0.08092901
0.10267016
0.082915075
0.051327623
0.1911162
0.21305872
0.23034246
0.12588097
0.04857272
0.18152498
0.09555313
0.14860193
0.02495402
0.12330296
0.15775086
0.4824123
0.4948487
0.4726705
0.167808
0.10205387
0.40480414
0.072329514
0.047234435
0.08592846
0.123286545
0.4923968
0.115097135
0.079568155
0.047487326
0.078904785
0.0963346
0.039549068
0.2599845
0.36472178
0.10072564
0.091540694
0.07023864
0.03268845
0.08417075
0.10223183
0.08882014
0.07646346
0.020675512
0.17516266
0.13445742
0.42242685
0.13164221
0.034180004
0.49738306
0.1215706
0.14061353
0.07064151
0.13636132
0.15157655
0.053797577
0.18765542
0.07165246
0.052975383
0.08169047
0.11850441
0.1266674
0.22112964
0.2101392
0.042878382
0.080181174
0.094537556
0.08400662
0.08932554
0.026493061
0.47942403
0.1310839
0.116396874
0.32467642
0.01706123
0.021484604
0.17480324
0.26381174
0.10555232
0.1342964
0.05816211
0.43432721
0.07247093
0.17745075
0.20284374
0.001732218
0.0051549114
0.050832566
0.018248463
0.02988697
0.06838089
0.027334163
0.1303674
0.096674226
0.18232153
0.19084758
0.06175464
0.049028553
0.03089974
0.03489524
0.06287055
0.085943855
0.030197784
0.021898134
0.092483304
0.21303545
0.08534763
0.13657403
0.17298676
0.031527076
0.05442817
0.06303252
0.11774294
0.05165094
0.012472809
0.13863029
0.05344284
0.08929402
0.06609511
0.022791225
0.1687991
0.17830172
0.0687191
0.03328715
0.12475215
0.15154985
0.14678428
0.29236713
0.21431042
0.15349571
0.13107467
0.07683826
0.17089638
0.08975374
0.16431478
0.13651791
0.19889969
0.19766983
0.106695905
0.015142415
0.05450218
0.039618533
0.02669878
0.15296453
0.15956688
0.0773256
0.16901602
0.22809908
0.2328625
0.102424935
0.117800124
0.13228643
0.1403194
0.042289585
0.057501547
0.059009496
0.059477415
0.17757672
0.14652006
0.02066763
0.22187178
0.19542132
0.01148034
0.10042144
0.05079261
0.19547634
0.10281421
0.17591387
0.09303463
0.067678206
0.038096815
0.061922863
0.104460105
0.0925916
0.0764644
0.128248
0.07996875
0.12313375
0.09084068
0.20096143
0.0713031
0.22552787
0.051739898
0.16029759
0.19027561
0.112827584
0.15520157
0.16731972
0.041760862
0.05588872
0.20116612
0.25748312
0.14166254
0.054275215
0.21338183
0.064249136
0.09991596
0.12759253
0.08510936
0.18057942
0.14095822
0.14235385
0.21872473
0.12458078
0.15588477
0.07111338
0.101633064
0.09300003
0.060845073
0.074346885
0.06208346
0.0945859
0.11726364
0.18492763
0.111950345
0.14459947
0.22941662
0.048491966
0.097768255
0.24577066
0.14135942
0.139553
0.10123318
0.09899344
0.026905881
0.17257582
0.02083396
0.16334096
0.15491547
0.047503173
0.11866039
0.15253155
0.04654351
0.05478231
0.20457794
0.13155587
0.032217886
0.03697844
0.12569825
0.063802205
0.14614485
0.029273188
0.13830763
0.0058283587
0.09468306
0.08021512
0.024512997
0.045313936
0.13200155
0.054840583
0.099090904
0.16894446
0.291036
0.19646706
0.11161024
0.118565395
0.06107867
0.11940667
0.12035678
0.22858219
0.17599416
0.067259304
0.28196535
0.05037399
0.08171154
0.1121997
0.05648444
0.031023128
0.048601426
0.05458557
0.0776349
0.20771523
0.07351539
0.2238303
0.20484544
0.014138747
0.13477235
0.07296347
0.034513894
0.19849095
0.17314173
0.05343832
0.14079878
0.058508325
0.10931417
0.040293407
0.029409735
0.098106086
0.038501322
0.036366187
0.04339786
0.058424704
0.08877692
0.07451141
0.07882731
0.06020605
0.01758783
0.07944216
0.13046579
0.48624673
0.48879978
0.44327542
0.112183206
0.434469
0.27193028
0.07209109
0.14799093
0.09390639
0.07670489
0.06206074
0.37308407
0.13084902
0.23523122
0.054813564
0.17678304
0.12306378
0.058974557
0.025739865
0.02224667
0.49706334
0.44512272
0.1466806
0.02205423
0.019022094
0.07601579
0.32616103
0.08647678
0.19225147
0.1220312
0.12725383
0.17392161
0.07822179
0.08295456
0.2169242
0.1051918
0.08827716
0.13530351
0.25677356
0.20461892
0.047526486
0.062034003
0.09997809
0.11983975
0.043334395
0.10049116
0.108481005
0.027432792
0.13228932
0.14758863
0.043565556
0.15779671
0.06784526
0.008654407
0.052097905
0.02343195
0.024760606
0.21890539
0.15034194
0.008341433
0.11339231
0.17220987
0.15674587
0.02966351
0.11661472
0.09603985
0.08572352
0.15838721
0.25390002
0.0613153
0.03083862
0.09351665
0.21064758
0.147056
0.17152916
0.06714513
0.11861835
0.10205495
0.061470322
0.14955318
0.043172274
0.027110485
0.0773522
0.11661804
0.059700593
0.0035297454
0.13135321
0.0835669
0.097440526
0.013073763
0.17978954
0.11748843
0.14551058
0.09985714
0.1340322
0.19382416
0.2215002
0.017408285
0.033106808
0.01459528
0.04826043
0.15914619
0.03171457
0.062464762
0.14813913
0.16880108
0.12462831
0.14083837
0.033361003
0.1123551
0.1372649
0.068484426
0.042283393
0.07707263
0.04446239
0.12959681
0.035439666
0.017707353
0.02852143
0.1279251
0.07756945
0.14843893
0.045045327
0.04288645
0.08302144
0.07965748
0.115407735
0.04351632
0.3552616
0.20721081
0.1325403
0.42784804
0.08995495
0.15125708
0.07924372
0.15788229
0.14559118
0.054907367
0.21608451
0.21047713
0.069463015
0.04379378
0.16197738
0.34347194
0.24010462
0.08049186
0.019214895
0.062003806
0.111024454
0.07855139
0.11345106
0.1352674
0.050209396
0.08920428
0.2190777
0.047229365
0.06507119
0.009926868
0.0910538
0.12739311
0.1119607
0.09070638
0.11474794
0.21933171
0.04142523
0.018555108
0.12074003
0.33706975
0.22368383
0.25934672
0.2309594
0.20732696
0.092260435
0.21948855
0.056002844
0.10264196
0.06369381
0.23771393
0.03208251
0.15110065
0.12610991
0.18490724
0.17797412
0.13172604
0.058075935
0.081872374
0.099455
0.11012771
0.113334745
0.15092985
0.064027846
0.08968815
0.03180842
0.08624138
0.09039781
0.03849702
0.032905765
0.08687534
0.117731944
0.037234385
0.067421354
0.202427
0.10784526
0.05581279
0.23257644
0.03460209
0.4980305
0.4985085
0.0964051
0.052562512
0.0365897
0.2603663
0.16152145
0.028109133
0.16668557
0.071824856
0.025781097
0.19184333
0.19945116
0.17117938
0.033233747
0.061680533
0.02838722
0.03596156
0.031903215
0.01294902
0.15553004
0.103579514
0.44211048
0.23296605
0.108667165
0.108477525
0.08621098
0.079806924
0.0694245
0.05633287
0.043832596
0.49549714
0.4950689
0.48627853
0.02032092
0.43805507
0.044118654
0.36289492
0.13122173
0.23533458
0.4040917
0.059417803
0.1671842
0.11921164
0.08794977
0.045287468
0.04388749
0.046803646
0.13917884
0.16517062
0.0715775
0.12741464
0.1943408
0.12046198
0.16715035
0.060141724
0.015258919
0.086432695
0.034225322
0.1245666
0.08030473
0.08187339
0.040597495
0.0138551835
0.023505194
0.050017577
0.058385044
0.09852489
0.05957484
0.042525884
0.053998593
0.03478238
0.1698919
0.16459973
0.1650157
0.016153175
0.15372296
0.02253995
0.16572876
0.032718662
0.057760745
0.0088406755
0.11107753
0.13774115
0.14579102
0.037244424
0.092893034
0.077842966
0.033650234
0.022627492
0.16037332
0.16681129
0.11521433
0.055015106
0.039348006
0.090566605
0.024626942
0.01285836
0.042385302
0.028928986
0.04791463
0.11941944
0.08016545
0.49556258
0.4918177
0.48174563
0.1494685
0.09728019
0.20748602
0.03198461
0.08243535
0.1375434
0.099334344
0.15205821
0.17809774
0.15857325
0.08675326
0.027455585
0.104504935
0.008945882
0.06791287
0.016238566
0.49723387
0.10283061
0.102671
0.05422141
0.13560171
0.17052044
0.084371075
0.11598099
0.042681288
0.35160616
0.22768694
0.24280883
0.40530542
0.0015652307
0.06258314
0.075288065
0.18765593
0.14442438
0.10973978
0.116959386
0.14441788
0.06823324
0.11718799
0.15620716
0.16215011
0.07390892
0.030059366
0.09510858
0.15698333
0.13283052
0.059738852
0.18402618
0.05327056
0.03859335
0.05851908
0.077981874
0.0802822
0.155475
0.0852856
0.15394425
0.12438739
0.22532369
0.31761152
0.18704106
0.11861352
0.027219437
0.21344706
0.17414801
0.10983131
0.046764437
0.06324888
0.051547416
0.053842045
0.08126901
0.10880744
0.037986375
0.04694892
0.073024124
0.015301562
0.06443893
0.11412825
0.029023008
0.021936435
0.011959723
0.014874357
0.09604989
0.11535284
0.12740202
0.31042334
0.2412056
0.121500775
0.20904575
0.08167269
0.15208311
0.19784182
0.15371844
0.15042938
0.15679872
0.32031065
0.3409523
0.17706239
0.4140973
0.058124784
0.44155845
0.4361868
0.36593342
0.182136
0.20007987
0.49750766
0.4806883
0.49692765
0.4954256
0.42173332
0.15706834
0.2580359
0.24392137
0.37364778
0.14840405
0.1764887
0.33348015
0.14158937
0.1440369
0.3432692
0.38199455
0.14453483
0.3181903
0.17987025
0.052800473
0.07129332
0.37106767
0.055134382
0.17642769
0.027375791
0.20730995
0.09598503
0.0728967
0.17919114
0.07389071
0.038765877
0.095963635
0.07624187
0.102268316
0.096120946
0.034917638
0.037602406
0.027154412
0.07076123
0.04505543
0.28448305
0.24322121
0.09301771
0.0994235
0.051143117
0.028589724
0.08725198
0.09475212
0.07671416
0.12467579
0.1173456
0.19883263
0.28969783
0.25006348
0.2629371
0.12602569
0.09806688
0.15892854
0.1858866
0.079309605
0.04622839
0.056437828
0.11175767
0.062391635
0.03526528
0.14966379
0.08705964
0.10853209
0.19891338
0.0924129
0.07482951
0.016989954
0.1598858
0.00979669
0.13150851
0.1461783
0.13493834
0.15361388
0.12532651
0.022926299
0.030221881
0.097275466
0.006495928
0.15720642
0.015043745
0.045369804
0.1754194
0.08428911
0.06279224
0.42506328
0.057808716
0.33656856
0.14189073
0.10925743
0.10914049
0.08417005
0.12194259
0.21208309
0.19305512
0.11846686
0.17274055
0.14276916
0.018177869
0.08412827
0.15852773
0.10513087
0.14569925
0.2971387
0.20016292
0.06053565
0.31456155
0.21432623
0.020894933
0.11664555
0.15200068
0.15189816
0.030012129
0.10528485
0.05654279
0.036560625
0.08386452
0.12963846
0.19630246
0.088715695
0.14750196
0.06627725
0.059854835
0.022502255
0.094908245
0.028623896
0.022713343
0.21693246
0.14197187
0.08325432
0.06818334
0.07405641
0.20263717
0.16671291
0.022238664
0.057612456
0.039540645
0.006042554
0.11708059
0.0369026
0.1138383
0.079057224
0.08498354
0.0014861425
0.1390793
0.06197392
0.0861457
0.14814241
0.13014616
0.0788108
0.11047066
0.13403416
0.032175682
0.12649278
0.20124897
0.18939592
0.21996227
0.019397458
0.21580158
0.15905309
0.17221892
0.09332961
0.20317638
0.14199874
0.04607408
0.030554496
0.19814733
0.12885955
0.1013719
0.16867279
0.031560317
0.11732497
0.07884987
0.440691
0.446432
0.1928932
0.024493644
0.016260808
0.3393078
0.40579903
0.0888676
0.1468951
0.08549292
0.22995695
0.38116536
0.13159275
0.21589509
0.24285449
0.069027476
0.084131725
0.19362514
0.4487644
0.29176173
0.01700772
0.0071625314
0.19122216
0.13497292
0.09592313
0.14572537
0.22375402
0.042814672
0.14896123
0.2296384
0.20001894
0.13302742
0.10638627
0.06444925
0.078046456
0.03364941
0.18880156
0.08760378
0.0919274
0.36032444
0.038156286
0.050203074
0.17302553
0.23190026
0.06738391
0.0035228143
0.08405709
0.19213492
0.16602518
0.0067168716
0.078498594
0.037983518
0.03492847
0.0534021
0.059270553
0.04451215
0.034936156
0.03337343
0.055758554
0.19556801
0.12474099
0.0690303
0.07893865
0.115427114
0.030360011
0.36936828
0.19841456
0.11535185
0.1499169
0.237233
0.03470236
0.036337055
0.07131091
0.14482182
0.028759386
0.19013585
0.10526198
0.17149177
0.16466045
0.21697879
0.21412306
0.16094655
0.0615277
0.05381752
0.1624151
0.076554865
0.004922396
0.49750176
0.49726555
0.14473598
0.09920741
0.14299923
0.023847975
0.020997891
0.20417216
0.029730542
0.21309915
0.083798595
0.034575645
0.07861449
0.055908147
0.03222078
0.037017886
0.12824875
0.056573145
0.0507083
0.082391486
0.12944596
0.12798114
0.23205525
0.48816252
0.48800415
0.4933651
0.20274268
0.09559949
0.09146915
0.49230978
0.48717976
0.1585306
0.054386772
0.1415678
0.1471103
0.033147268
0.028144887
0.16881727
0.030678976
0.034411155
0.10051802
0.1407867
0.06976399
0.13290198
0.027706696
0.23990098
0.01926658
0.06817531
0.11670949
0.14935136
0.1562067
0.20617686
0.03886878
0.07222588
0.15473856
0.059562802
0.039720673
0.027377278
0.110221125
0.11334028
0.0048580747
0.08389407
0.058275487
0.49168015
0.4832663
0.49002272
0.49463594
0.077207156
0.034127064
0.09947965
0.074874744
0.47917938
0.49626598
0.49579912
0.48278514
0.49131936
0.0899072
0.03617021
0.23867421
0.13319026
0.08950183
0.056614123
0.43074593
0.05710641
0.099542595
0.14693266
0.038167052
0.033837397
0.041201048
0.06267671
0.024168693
0.07521424
0.46445668
0.054322347
0.4480116
0.006300748
0.4969166
0.49718803
0.35687444
0.4254734
0.16883117
0.14352632
0.4351168
0.21457683
0.11771436
0.14589252
0.07773024
0.23644753
0.17021626
0.17323354
0.089987494
0.026670976
0.09746096
0.10614632
0.09961147
0.1886826
0.086464696
0.3912966
0.4699436
0.49344307
0.48625687
0.49540466
0.48769593
0.14557524
0.024045583
0.06300649
0.21541384
0.004979559
0.14743865
0.26128602
0.09149663
0.17794473
0.29514205
0.059146184
0.02873166
0.06587715
0.15723698
0.46448374
0.18994676
0.059228543
0.023121208
0.06310837
0.026332987
0.024072941
0.080158666
0.108725116
0.10116877
0.027392058
0.023822872
0.062337518
0.12059562
0.12725493
0.18841319
0.050666556
0.05533536
0.09096302
0.17286947
0.058954418
0.04571701
0.09314944
0.048696425
0.1188479
0.11746774
0.024563625
0.06769224
0.3725478
0.48948318
0.08470806
0.04798846
0.119200796
0.17388962
0.21763642
0.1699076
0.22168447
0.13718179
0.09426229
0.16122553
0.140915
0.05670067
0.05168058
0.04943797
0.050840817
0.06482568
0.056993056
0.05918376
0.017944869
0.028952122
0.008813449
0.041118387
0.18082142
0.1861889
0.2065618
0.13969731
0.041224074
0.0099588195
0.079552405
0.024549285
0.059571583
0.23483798
0.12160894
0.47249365
0.111800574
0.16737126
0.1350143
0.24920496
0.09441829
0.22043583
0.10380647
0.18067701
0.026337456
0.13642286
0.033310514
0.062453296
0.07897586
0.023488648
0.03786252
0.04769987
0.047979027
0.21052709
0.10257895
0.07464996
0.010052933
0.030043993
0.072413
0.14689027
0.10858814
0.04814018
0.046266835
0.19548278
0.07311119
0.11213895
0.22196181
0.22571792
0.036601912
0.14289114
0.16779968
0.24022448
0.25325504
0.12203138
0.18358812
0.2424122
0.25714493
0.2743561
0.054038305
0.31818467
0.33203748
0.31845403
0.1714543
0.07775655
0.17193408
0.017948637
0.023099633
0.017401287
0.06376322
0.11056432
0.061044563
0.12624097
0.4967258
0.496277
0.038034026
0.051371202
0.06011148
0.15678968
0.021905998
0.022860207
0.02448375
0.07573963
0.17921723
0.007833659
0.0375056
0.082613245
0.10539112
0.49573234
0.10785287
0.029300334
0.009921203
0.007853046
0.057872962
0.08049306
0.030217353
0.0077788793
0.08506135
0.07190045
0.030607136
0.02894682
0.09313825
0.103726014
0.026508758
0.08543861
0.1168851
0.12437937
0.13467297
0.21825626
0.22234154
0.15721953
0.10722421
0.05696988
0.09628098
0.08495525
0.07766287
0.42399526
0.07414943
0.026767189
0.06156676
0.0661509
0.366145
0.153856
0.11380995
0.11322094
0.13146226
0.079515085
0.074505486
0.04111663
0.11549204
0.032354992
0.16132051
0.05345238
0.4279785
0.14289095
0.026731275
0.03154347
0.13398212
0.088042535
0.13551068
0.20932008
0.19405048
0.082749195
0.087051764
0.015539178
0.08389016
0.026325539
0.059457485
0.027189404
0.02827221
0.04119483
0.07477778
0.01869621
0.042818815
0.031308077
0.07916885
0.1715032
0.08166032
0.115582615
0.052735936
0.1981769
0.19110912
0.053938247
0.13131258
0.085356414
0.028428873
0.015427673
0.20381126
0.17289615
0.14631683
0.033680685
0.10458975
0.049533192
0.024848672
0.05542259
0.011464003
0.16249457
0.08734939
0.06435108
0.04202455
0.48227164
0.4857183
0.49101263
0.0947353
0.058663923
0.12759733
0.19734822
0.18081729
0.13191935
0.091023825
0.18089022
0.12275974
0.029052472
0.012349656
0.11071176
0.16396783
0.4764209
0.13800327
0.073513895
0.087818556
0.3053313
0.030863428
0.12688771
0.13738832
0.13048658
0.048873268
0.024791973
0.22630039
0.061813716
0.085166916
0.018213945
0.15827271
0.06971182
0.023973582
0.09908196
0.08583331
0.109144345
0.14357656
0.049529277
0.056497302
0.057777513
0.016869135
0.15893503
0.25489533
0.19782017
0.15078978
0.35674986
0.12553822
0.4522066
0.20043162
0.10893632
0.19683087
0.19401099
0.09688048
0.4748415
0.044887874
0.1285292
0.12048202
0.11742154
0.16301994
0.0318035
0.042337794
0.2638107
0.07743172
0.15311518
0.15123701
0.18036889
0.15768619
0.039286647
0.033925127
0.045877356
0.119622156
0.10350515
0.045571435
0.004664142
0.02205513
0.08106741
0.06457513
0.12611108
0.03619794
0.03282648
0.051125024
0.10112107
0.048215408
0.13646987
0.056782022
0.075234175
0.11850569
0.12207325
0.1618456
0.358821
0.15888019
0.10502754
0.12887432
0.049012613
0.044067454
0.008077863
0.01127701
0.18813878
0.19461858
0.1129374
0.10407915
0.0484596
0.14277773
0.3973782
0.05432806
0.0106497975
0.10981415
0.012688888
0.04905039
0.1558829
0.17888795
0.4200241
0.4003061
0.3731891
0.48903435
0.2442124
0.1992528
0.18161295
0.2404102
0.40828297
0.13373487
0.13266447
0.032151096
0.026331462
0.07429611
0.06807121
0.05373482
0.052314505
0.30391005
0.18861425
0.010699107
0.49044532
0.13450982
0.046803225
0.18540625
0.14644334
0.09259449
0.061397903
0.1225406
0.15744372
0.11091405
0.12687738
0.073924504
0.16939119
0.19117914
0.18262187
0.085489035
0.079694204
0.19427353
0.04935016
0.04147569
0.1025998
0.103194326
0.17480806
0.17769434
0.04711982
0.13311881
0.08483468
0.12265668
0.12730385
0.0439638
0.11611278
0.18702987
0.23858146
0.10107486
0.20343903
0.09561831
0.27921584
0.36185285
0.06774817
0.46301135
0.17893603
0.12073531
0.107547775
0.045957383
0.1445739
0.35564154
0.179807
0.17854977
0.22716187
0.07365414
0.10708883
0.13819417
0.027636621
0.22238912
0.19683905
0.12437814
0.13189562
0.2863049
0.14639926
0.23918739
0.18635048
0.17643325
0.21012418
0.21469575
0.11495583
0.10335079
0.059801664
0.069489196
0.16383691
0.055941258
0.05983737
0.20962875
0.08456593
0.23577589
0.49264538
0.15124364
0.06769193
0.119397126
0.030164259
0.0067232116
0.074569
0.05905494
0.22229816
0.039825574
0.14673093
0.071002774
0.04432891
0.117508456
0.052863277
0.2250144
0.2243013
0.23072578
0.17778145
0.20062369
0.12494156
0.1998243
0.20277783
0.15346156
0.093018286
0.14605947
0.17663291
0.16417314
0.16901706
0.0022749105
0.041927785
0.25752077
0.13147287
0.016578812
0.29399216
0.1646537
0.2319158
0.13968603
0.1590507
0.18036987
0.10364979
0.002005909
0.11251569
0.0008169335
0.069753624
0.22414699
0.16181707
0.16605459
0.10479491
0.10149181
0.21315177
0.38560522
0.065526485
0.22437386
0.23049824
0.17082983
0.15125847
0.15223354
0.20820141
0.17429592
0.060110763
0.21436328
0.21877569
0.15405127
0.23750913
0.07931005
0.15662277
0.17355354
0.023831394
0.16057774
0.119881235
0.2007873
0.48978394
0.17211124
0.09448464
0.24322051
0.09072612
0.05841599
0.040963523
0.04978846
0.2015755
0.3628968
0.15171716
0.07366913
0.10969183
0.4480224
0.42031738
0.041548412
0.07563542
0.24929929
0.029645385
0.09249221
0.0611951
0.1260888
0.4406285
0.33045915
0.01118567
0.030283714
0.012643258
0.07447117
0.052681953
0.113478884
0.044654094
0.023160152
0.09114609
0.2941012
0.10283962
0.12703094
0.080267765
0.10497003
0.17733778
0.12646739
0.1274632
0.088622876
0.051577218
0.04525962
0.14505288
0.0868737
0.13383028
0.10616352
0.12256265
0.018519798
0.03563325
0.05638676
0.2104484
0.17153445
0.09654398
0.11020776
0.4650583
0.4298548
0.12958986
0.06930208
0.116285406
0.058265895
0.10836792
0.08761616
0.2822757
0.04700802
0.13121498
0.11746506
0.18174568
0.02956816
0.09298328
0.17299917
0.070424214
0.21464126
0.39143512
0.42943025
0.21408977
0.313394
0.16532537
0.19663444
0.19255117
0.27098817
0.11992425
0.23804525
0.047597602
0.1887385
0.019923989
0.16113947
0.10227962
0.120275445
0.13070238
0.11185913
0.10990886
0.22284372
0.076108135
0.05316913
0.022945235
0.12447803
0.09412183
0.020893475
0.045346767
0.18068741
0.22879352
0.083982415
0.23506694
0.10855692
0.021885717
0.23315272
0.17314658
0.18064746
0.0405899
0.113054015
0.20030895
0.13549423
0.16126777
0.118555956
0.09728895
0.026678488
0.10669634
0.021087911
0.1032892
0.079800844
0.10248698
0.08438165
0.05717316
0.22854507
0.11308447
0.050540663
0.040139228
0.080922596
0.12217284
0.067422085
0.1080682
0.48358762
0.14704637
0.04606577
0.05085932
0.15792601
0.023871807
0.015085545
0.05770272
0.21500523
0.18686402
0.14194337
0.17178665
0.15300679
0.07142685
0.116486594
0.10958642
0.09554853
0.1070492
0.071387365
0.10056347
0.17120348
0.1257938
0.15802109
0.14209235
0.007855737
0.039854318
0.109692976
0.21535689
0.045451593
0.198603
0.15477856
0.007646587
0.109992616
0.018022303
0.0768053
0.18467936
0.11680685
0.19635332
0.04394086
0.029762477
0.0821615
0.08237588
0.014850229
0.14906581
0.07369645
0.06626486
0.021648563
0.13680567
0.12889528
0.055458732
0.018636173
0.08206622
0.07505546
0.059711244
0.09890867
0.057760958
0.14481714
0.15193956
0.11521944
0.11288966
0.008298753
0.1828763
0.017277233
0.20271863
0.22942953
0.15533692
0.10378847
0.1817436
0.124338396
0.24051996
0.07896002
0.06346544
0.19650666
0.043115146
0.010821613
0.17439236
0.030467598
0.13872293
0.08530498
0.09577819
0.10114648
0.22218385
0.4768539
0.29543513
0.09526586
0.15469764
0.11500404
0.18946165
0.13181508
0.12035513
0.08469866
0.22026423
0.048543982
0.12150903
0.08518585
0.13976373
0.19001755
0.17714176
0.19023085
0.14831188
0.18978411
0.17061067
0.16230546
0.11201896
0.029372986
0.09567661
0.0029895625
0.19674431
0.3031923
0.17543775
0.21771811
0.12913902
0.025938906
0.081725426
0.03137895
0.24400395
0.04117847
0.0725371
0.053687807
0.08489349
0.1633423
0.18626449
0.10370574
0.093822315
0.17158492
0.12444644
0.15450689
0.15868868
0.037490796
0.089275934
0.078203194
0.27715468
0.30671364
0.13064113
0.20066528
0.1416345
0.086860135
0.10314372
0.22621427
0.054965172
0.033139527
0.13199192
0.13174225
0.22634043
0.08992869
0.043334004
0.12327385
0.0539189
0.080041245
0.039710257
0.083858
0.062412437
0.024171054
0.2089019
0.06134829
0.12854964
0.20203975
0.04715408
0.25209993
0.07002264
0.059737395
0.16510235
0.058289748
0.103823364
0.05527456
0.05616013
0.16515353
0.1384693
0.26754156
0.21222591
0.0064734737
0.031234138
0.035539623
0.04608924
0.15181074
0.061140247
0.041246478
0.1320968
0.015710123
0.19170159
0.18412806
0.20986323
0.051145896
0.065301694
0.118408464
0.008575725
0.16040221
0.033241637
0.16350852
0.1556829
0.07743412
0.08081495
0.004062178
0.02149186
0.14101651
0.13863884
0.11448681
0.064490974
0.08594695
0.031465765
0.052330464
0.028978221
0.023083242
0.015933525
0.13388816
0.16441752
0.09322584
0.026868144
0.11419511
0.054679226
0.06388173
0.04858312
0.14187054
0.14166836
0.011941717
0.21373461
0.05281605
0.019347383
0.36294782
0.08151647
0.2971476
0.0637055
0.17353094
0.1204815
0.07403987
0.13355131
0.17379507
0.09193652
0.003269862
0.059904996
0.13609654
0.0856674
0.032112706
0.054960366
0.021821726
0.027526092
0.04319713
0.030049566
0.0160639
0.027095212
0.028740961
0.03099731
0.15299802
0.10790385
0.13742194
0.14621864
0.26545945
0.12893362
0.11353164
0.48440433
0.08687412
0.11998673
0.12468074
0.055428594
0.18450604
0.1519372
0.019904317
0.19991362
0.14147161
0.1795884
0.10911947
0.03645108
0.15346365
0.14474931
0.027998967
0.11316141
0.0630804
0.08236058
0.048414525
0.20390667
0.12509263
0.071554944
0.14129627
0.012129834
0.08418903
0.045225535
0.07446206
0.07459268
0.060439512
0.14348832
0.19735532
0.027172327
0.08846931
0.17466675
0.07817357
0.03603845
0.16487178
0.17273133
0.11883679
0.17396525
0.14693342
0.17274332
0.060839497
0.1744756
0.25438654
0.06658528
0.09701848
0.07646555
0.16806598
0.031018326
0.09650688
0.07175491
0.13894103
0.09237991
0.051917173
0.03334202
0.013881633
0.009352431
0.10309081
0.0814817
0.068438865
0.13598761
0.11128609
0.119290456
0.08048526
0.04539676
0.0023557441
0.069856934
0.20227642
0.15915109
0.06438682
0.17136586
0.037205398
0.110695526
0.034814235
0.010881214
0.011509163
0.013662843
0.035068866
0.13289101
0.11129645
0.04903278
0.1483573
0.23318431
0.12122072
0.10395867
0.102188
0.02512868
0.057833534
0.04019881
0.13593674
0.14992581
0.050430655
0.031656682
0.037794467
0.07834359
0.031170934
0.024928952
0.08949261
0.022349704
0.01650453
0.01730204
0.10538308
0.02125365
0.066518374
0.064353496
0.161373
0.10263831
0.14022198
0.05462163
0.0068334825
0.13425227
0.13012192
0.21188854
0.42327982
0.18025963
0.375404
0.044125322
0.08533295
0.046446454
0.1284916
0.016799023
0.18605918
0.031656794
0.08285825
0.031671006
0.24935597
0.22772962
0.10019661
0.19667508
0.18941279
0.036979795
0.10093882
0.0860838
0.053006925
0.10072571
0.13549092
0.017753072
0.018818026
0.09121837
0.07766976
0.044060208
0.062238745
0.11522413
0.03989503
0.10798777
0.022677034
0.1277919
0.083135575
0.1709996
0.02713507
0.015553022
0.020048963
0.08028128
0.016156806
0.11626081
0.11674686
0.15039463
0.11748161
0.049385443
0.46615648
0.1650836
0.13357456
0.02698823
0.09946315
0.049546596
0.1324415
0.09117806
0.0698647
0.15801595
0.04099288
0.065476395
0.22413544
0.04136747
0.078115925
0.025849167
0.14616352
0.14348987
0.19441515
0.09450961
0.008361391
0.17384206
0.029202668
0.030686174
0.020114888
0.075017825
0.38839862
0.19760498
0.1410924
0.0666291
0.09465758
0.074146606
0.16915739
0.17141724
0.06195642
0.04004756
0.14661886
0.1297495
0.23775902
0.14935857
0.09550316
0.03072943
0.2562444
0.07263154
0.061863102
0.0820173
0.12421691
0.16219975
0.043846875
0.09863002
0.10266658
0.09633179
0.10197311
0.048903503
0.1062048
0.07805412
0.1230549
0.22343941
0.14038502
0.21056941
0.25150535
0.047825485
0.058607608
0.029357966
0.103478074
0.11965787
0.18875954
0.15488543
0.09551978
0.2095458
0.09302079
0.117272094
0.118461505
0.04167647
0.15965775
0.09328828
0.23375128
0.08795368
0.03267886
0.11043493
0.13541138
0.006175301
0.06643826
0.13082169
0.048899766
0.058972787
0.10782801
0.1131577
0.039189927
0.15407218
0.092500955
0.15500957
0.22193393
0.08580976
0.14118284
0.12532143
0.0127180135
0.09332082
0.09588573
0.026100656
0.114747554
0.09958765
0.03869656
0.040572856
0.0025768273
0.20015109
0.21233387
0.24483433
0.26488024
0.14145853
0.28515336
0.03819551
0.040433723
0.340866
0.14296809
0.13316439
0.040056765
0.034931336
0.011845333
0.0330502
0.037494197
0.015849631
0.111897565
0.014559737
0.018544244
0.22397637
0.04137617
0.05694761
0.18634026
0.06988597
0.06271206
0.11300307
0.024693297
0.13932034
0.009270776
0.2999696
0.13956788
0.04369102
0.051395584
0.055067733
0.21794121
0.038252234
0.04123042
0.015463865
0.1234351
0.13997549
0.08303399
0.11080752
0.22388005
0.14241917
0.060725108
0.18140015
0.1768935
0.040619846
0.08528078
0.17175089
0.095406525
0.14569178
0.16810313
0.1182227
0.06383427
0.11473412
0.026232354
0.048949484
0.15333687
0.09530355
0.11351754
0.018205399
0.04207554
0.14770819
0.084868
0.2525734
0.06816369
0.12959321
0.06942354
0.125466
0.116176516
0.100499064
0.17725305
0.09192196
0.010093364
0.043622367
0.045576528
0.07114422
0.039947007
0.09277555
0.11089823
0.056863658
0.14583847
0.11784896
0.045260344
0.057827666
0.12601422
0.17519914
0.17652659
0.037299454
0.08593471
0.051785026
0.013255682
0.06055969
0.18459353
0.16187157
0.20144325
0.040968683
0.06423655
0.081582434
0.3534865
0.109321445
0.097687274
0.15405193
0.14331663
0.03983996
0.07073796
0.07925541
0.011946905
0.064838834
0.095898405
0.09126206
0.089861915
0.064309694
0.03663488
0.23623233
0.1402187
0.10226907
0.05223862
0.13279815
0.05945488
0.046903778
0.05901494
0.120899305
0.21331702
0.07467559
0.030977435
0.16879937
0.10839455
0.21547754
0.07629329
0.096968696
0.15556867
0.14405648
0.07947532
0.01753249
0.05039823
0.03230065
0.10958821
0.08432615
0.068834305
0.3354867
0.23225756
0.06362018
0.108215295
0.0411533
0.07534267
0.06288665
0.047427807
0.053233612
0.029544033
0.07101394
0.13989131
0.009963014
0.06441301
0.21546665
0.08341835
0.09802682
0.12092246
0.085868254
0.17146401
0.116797715
0.13827871
0.089202575
0.06822283
0.097894646
0.019948706
0.18061674
0.095871635
0.007108184
0.07454873
0.009015754
0.10135587
0.08512043
0.099022776
0.22276552
0.035541736
0.18508881
0.21197478
0.04899348
0.10049481
0.023909137
0.16351505
0.09404365
0.097869806
0.046124168
0.02464366
0.033790953
0.049905498
0.050214637
0.056275368
0.08191246
0.041252088
0.012029648
0.16383208
0.062204268
0.068162344
0.03819091
0.10018075
0.13467449
0.11709112
0.054599665
0.045953162
0.03822621
0.02138417
0.07243208
0.01234555
0.060225677
0.08005058
0.17689478
0.0030250049
0.10389317
0.14013381
0.053214848
0.054792024
0.06223497
0.09397425
0.083928704
0.09821441
0.024739936
0.051111463
0.059490293
0.16940036
0.18503387
0.17542963
0.13151428
0.14941192
0.087964274
0.11576855
0.030218294
0.15003495
0.07728529
0.008238525
0.15537502
0.13820757
0.10810944
0.035748366
0.04816397
0.16577935
0.048070937
0.14369915
0.14018671
0.10081738
0.027062045
0.06839784
0.04662888
0.0018943849
0.04873545
0.114258505
0.045927998
0.15147401
0.19035487
0.12084265
0.050020635
0.060322292
0.12418526
0.1518984
0.21114053
0.11514328
0.08342338
0.14865595
0.04266617
0.1380607
0.110794336
0.021672977
0.14762841
0.15239258
0.032641575
0.048176594
0.04999151
0.10062477
0.25856778
0.114214115
0.13644086
0.04654505
0.24217378
0.10350678
0.08259298
0.20932974
0.16363126
0.021723107
0.10389464
0.028628964
0.010102115
0.012280457
0.12336191
0.074372336
0.045248043
0.045432523
0.17864423
0.06164816
0.014530081
0.043102793
0.21570782
0.3472657
0.40427035
0.04679182
0.38448122
0.34390286
0.14170179
0.38870203
0.16473147
0.06662597
0.1436172
0.4250298
0.17011724
0.15736458
0.00791292
0.06411591
0.03589617
0.073495485
0.08203089
0.09760677
0.1272889
0.102600224
0.040477615
0.08104379
0.07074803
0.08387087
0.12648338
0.09898894
0.045722857
0.12549505
0.121524744
0.053137176
0.09525078
0.02065487
0.22968242
0.23215999
0.03127727
0.18453333
0.04454123
0.13604236
0.07428992
0.0021952384
0.03945882
0.22807054
0.09742846
0.020811537
0.037646607
0.22027682
0.48172385
0.2456442
0.10218128
0.12685214
0.07504061
0.06139238
0.14796902
0.05295103
0.05558984
0.068826
0.053640053
0.23115776
0.027421279
0.17584534
0.055563886
0.054594316
0.09279797
0.15065564
0.04519561
0.033311803
0.07058496
0.019318717
0.07858722
0.039806332
0.058308087
0.059126228
0.13974899
0.07198418
0.020622704
0.11220962
0.07769054
0.15158379
0.20269565
0.14305364
0.13161863
0.04194171
0.2011955
0.09423786
0.09481566
0.0207447
0.07720851
0.45323375
0.11289106
0.17166975
0.17727755
0.07255131
0.068174645
0.2583224
0.05039567
0.20835467
0.12873961
0.14555398
0.36431444
0.2278863
0.13751331
0.07948314
0.15306212
0.067948826
0.047534365
0.030536413
0.20780094
0.36843178
0.10522488
0.27921185
0.14494978
0.110325396
0.05130192
0.03716938
0.07598194
0.087761275
0.16429392
0.043141715
0.110422656
0.19096875
0.059461348
0.009923611
0.030767273
0.053872924
0.092615984
0.03141608
0.012922784
0.091803506
0.12668723
0.22237232
0.019095782
0.010870734
0.1997901
0.25260538
0.12963317
0.0035626376
0.046493635
0.0496658
0.010795611
0.11798509
0.1965884
0.06446168
0.12404257
0.16378152
0.14995039
0.07717108
0.054267287
0.089865886
0.02416173
0.012254693
0.056894217
0.1142021
0.12493768
0.13927941
0.022028232
0.00039978055
0.0355806
0.016540172
0.10950058
0.0020164675
0.12593323
0.13139889
0.16058217
0.041891273
0.10511424
0.23380442
0.0984313
0.17997211
0.20315039
0.14807892
0.025098724
0.13782969
0.16888891
0.0378476
0.24926278
0.17042689
0.20751119
0.33889028
0.14496167
0.2444811
0.06789108
0.02754399
0.093673795
0.083816394
0.020969253
0.012857028
0.0276789
0.04277181
0.03851121
0.07600041
0.06856855
0.31851447
0.031642515
0.09688657
0.08797035
0.41441342
0.26784915
0.16781574
0.18349373
0.063308544
0.04785723
0.15746003
0.02550329
0.04151497
0.18078203
0.10887038
0.120982274
0.11074515
0.10733491
0.073572636
0.06278026
0.08284638
0.062056866
0.14642766
0.09201687
0.14258052
0.15357877
0.1303483
0.069173254
0.097249754
0.25112814
0.11804223
0.046517596
0.044498432
0.17874132
0.43907827
0.14183357
0.14002319
0.12090743
0.2010862
0.06538719
0.16284126
0.16961317
0.35015818
0.13286318
0.09849039
0.13781108
0.014435099
0.21018858
0.18102436
0.10430187
0.0015226296
0.20800085
0.13343254
0.060188204
0.09754161
0.03168692
0.08862067
0.057839237
0.044624567
0.03972815
0.0243977
0.038991414
0.0063501825
0.11069289
0.19422688
0.07548465
0.09679561
0.051058497
0.12337772
0.10770591
0.036602233
0.054205056
0.1883902
0.29993382
0.07032764
0.10194567
0.034484502
0.08324529
0.23093958
0.112578735
0.11446444
0.19470912
0.034628265
0.06404281
0.059798267
0.056286957
0.15143691
0.041396763
0.073524036
0.07137472
0.13980353
0.030118689
0.016468005
0.054657526
0.052496884
0.052468855
0.0382744
0.056531172
0.027348787
0.09406401
0.066232264
0.12972224
0.45470077
0.14692523
0.119045675
0.122700624
0.25226837
0.17266001
0.03491378
0.14146829
0.038677484
0.043336425
0.37378746
0.0968786
0.11965422
0.10933198
0.068561785
0.042303078
0.020187851
0.033798676
0.17067999
0.08528668
0.06434307
0.14644586
0.2009497
0.39059052
0.2219518
0.0055191536
0.31708705
0.09536579
0.22379784
0.05597887
0.05933092
0.07346137
0.036643248
0.3514844
0.07138526
0.13523802
0.15237643
0.18703423
0.111036785
0.11954464
0.069622286
0.08677909
0.21700397
0.18935531
0.09959492
0.46103826
0.004435104
0.07158775
0.055522814
0.012873002
0.052720096
0.026620401
0.07500856
0.016638836
0.048864584
0.11139554
0.08089554
0.1914861
0.05333101
0.18243377
0.024864668
0.1705832
0.07060761
0.10888636
0.035827488
0.0614332
0.07804752
0.056015804
0.15723854
0.11605094
0.046532482
0.20986588
0.1272469
0.11362426
0.120463006
0.08060766
0.041048344
0.17299871
0.08776364
0.05847474
0.061523613
0.07007043
0.0009105297
0.083565764
0.1364501
0.054029856
0.104525074
0.2262906
0.11721643
0.10402994
0.08314401
0.12457072
0.07823641
0.049866546
0.047095835
0.0067610093
0.034278333
0.0020925337
0.06893304
0.05489492
0.03412893
0.172853
0.08694651
0.016392326
0.0023604152
0.025975058
0.109469846
0.06256668
0.056739874
0.112062864
0.049892955
0.12732695
0.18212928
0.07175784
0.10394567
0.12867914
0.085591085
0.017360194
0.0947255
0.11752172
0.06906871
0.0521553
0.2507615
0.20016603
0.1308296
0.15027651
0.10645401
0.245446
0.07961012
0.03452642
0.0154578565
0.1924679
0.2277966
0.08264259
0.048237048
0.059871893
0.06244809
0.04187033
0.056229565
0.0037283904
0.004671213
0.119500786
0.042255722
0.09638077
0.2239438
0.017327672
0.0527594
0.14234063
0.017513823
0.017440336
0.10534761
0.19715686
0.033930194
0.42219535
0.13138272
0.35763818
0.23929378
0.123571515
0.04180487
0.016459906
0.069439314
0.17840834
0.04471136
0.074380375
0.082302876
0.06951638
0.15453093
0.07327357
0.06458145
0.1263322
0.11349198
0.10976209
0.08091103
0.107590295
0.17547232
0.09267688
0.19287844
0.093600266
0.13106307
0.106222406
0.10595637
0.052086443
0.07731046
0.1109015
0.12765501
0.3999108
0.13464077
0.2734882
0.086866096
0.044194344
0.027424397
0.030338831
0.04135118
0.017329061
0.028430449
0.09648917
0.1043129
0.18199089
0.13030224
0.02002434
0.1959924
0.11438505
0.47307545
0.06622003
0.09300614
0.21401016
0.10941085
0.067531794
0.025683962
0.034395732
0.06750684
0.15306397
0.1191863
0.13256654
0.103271894
0.15795843
0.22909431
0.27576214
0.11341359
0.21466437
0.22580507
0.18908063
0.16212764
0.48849055
0.25172892
0.10605734
0.32742873
0.055246055
0.054072082
0.10877953
0.21062739
0.08777028
0.17839538
0.07459991
0.48308706
0.09576623
0.09912992
0.24933644
0.058170818
0.11548054
0.07061647
0.23972024
0.32292652
0.059332896
0.49254948
0.495669
0.49588564
0.2512047
0.16776466
0.17191218
0.16296388
0.49158898
0.12371123
0.49687004
0.1408266
0.2741186
0.4468943
0.33295825
0.09077881
0.2423127
0.24356747
0.1512862
0.29506654
0.105671324
0.19608639
0.19085203
0.48911873
0.19270685
0.063931294
0.13490495
0.47800177
0.23187293
0.23418014
0.30407903
0.099790394
0.055839483
0.14639051
0.15367615
0.14699885
0.01919525
0.006363652
0.2211933
0.20275836
0.46818373
0.35689402
0.27436084
0.2613415
0.16212948
0.112741746
0.17535217
0.115312174
0.09679684
0.07817324
0.13705964
0.496241
0.38924277
0.18482576
0.16703738
0.20881608
0.12331088
0.08396569
0.03879928
0.15154791
0.11373224
0.030749604
0.29796094
0.20154038
0.20275036
0.11180956
0.42715165
0.4798943
0.07984204
0.019315772
0.10716142
0.49074197
0.47604966
0.4958166
0.4920915
0.08574624
0.107811406
0.45672476
0.48988816
0.19111957
0.4966227
0.12040959
0.16426131
0.40735897
0.10854443
0.07638121
0.45903814
0.3872265
0.1320481
0.27403387
0.2890915
0.32173032
0.19054823
0.14329287
0.23056541
0.11628239
0.0632848
0.14807284
0.06502173
0.10605118
0.08901645
0.069285445
0.015214483
0.20266859
0.19722189
0.051613525
0.02746466
0.052654468
0.04489319
0.037392087
0.028676633
0.065154694
0.13090608
0.14610934
0.40642858
0.06494968
0.17106813
0.2904136
0.49565068
0.2177047
0.0726105
0.014634745
0.08502317
0.07214808
0.20569356
0.3368755
0.11220076
0.034834605
0.41273668
0.1277898
0.17952153
0.2688926
0.07147918
0.09541386
0.17032932
0.16636933
0.15503271
0.28385133
0.13955754
0.12036307
0.1929315
0.4927483
0.4926708
0.13160597
0.0071849558
0.4900008
0.1581653
0.44207183
0.23767279
0.20345339
0.019078247
0.00716251
0.06794601
0.15440175
0.054506935
0.3222156
0.12057245
0.12538287
0.10654566
0.10975967
0.06938278
0.17696427
0.13070394
0.12215458
0.021217603
0.0498972
0.07569711
0.027946185
0.04995456
0.14923644
0.18178774
0.48811468
0.49559692
0.12140593
0.12010155
0.10160973
0.18567604
0.030013895
0.1351539
0.19070804
0.016366715
0.053867746
0.06079352
0.37994072
0.2690115
0.02410356
0.077014476
0.10275044
0.11351813
0.492088
0.4917131
0.4889418
0.029132336
0.08913012
0.4852286
0.4935203
0.060487404
0.17140849
0.24216446
0.04912676
0.49744287
0.18342938
0.3499605
0.0891994
0.23553619
0.19025742
0.1794973
0.05788516
0.06384455
0.1551425
0.19741017
0.14860973
0.16270736
0.289232
0.27948514
0.37689006
0.25077507
0.22027029
0.48259693
0.4975256
0.495743
0.48704007
0.13307874
0.42429075
0.14849389
0.489803
0.21701863
0.15863372
0.12266707
0.070004195
0.0746918
0.25605544
0.05165817
0.10246468
0.07329928
0.1002407
0.101608016
0.14170368
0.23588778
0.21715169
0.14643985
0.05189598
0.0526631
0.48484534
0.23607841
0.33193663
0.031231906
0.1411619
0.07512046
0.046818096
0.21866421
0.17604822
0.10678634
0.49148196
0.49589878
0.49539444
0.46568602
0.061880246
0.032144062
0.08174472
0.08614753
0.030050527
0.08610523
0.4891109
0.49237946
0.4900213
0.1929966
0.16003291
0.4470387
0.41503477
0.44715205
0.23576462
0.19602613
0.16364746
0.37859532
0.055726208
0.48513874
0.409198
0.36531413
0.49654374
0.47800177
0.47504225
0.23423478
0.1525087
0.48881385
0.19885358
0.13550404
0.4876482
0.40494877
0.49658883
0.084569015
0.08970265
0.22260846
0.21801332
0.48709273
0.49355426
0.4978653
0.49609047
0.073615015
0.14992532
0.49641833
0.044977523
0.06571076
0.0031279428
0.48152938
0.09641077
0.28256443
0.14771402
0.05617699
0.07623399
0.21759365
0.10038031
0.4385721
0.21953142
0.18544541
0.17476988
0.014455833
0.39575237
0.119735695
0.084608935
0.05266918
0.056784857
0.07797745
0.15632106
0.04689587
0.02708069
0.14385298
0.46103048
0.49477914
0.48079935
0.4936419
