0.7225467
0.32565042
0.26508167
0.070727944
0.45049945
0.49403903
0.033997357
0.36728907
0.21998313
0.47470388
0.0100105265
0.24688497
0.11908016
0.74485886
0.01
0.8666053
0.7261487
0.28731734
0.09678086
0.022707459
0.12282225
0.50726795
0.0508306
0.43535852
0.5992599
0.3469857
0.5311165
0.25415918
0.2822235
0.017853864
0.9682539
0.102930434
0.122773565
0.011171719
0.6573329
0.054942414
0.87323153
0.6490271
0.01
0.8982254
0.8677089
0.80596757
0.8341899
0.068928674
0.035508722
0.86768425
0.31370157
0.6370548
0.70910746
0.09098549
0.70791864
0.01
0.05702346
0.15896817
0.6914705
0.77633166
0.7495963
0.66941255
0.3026207
0.8582847
0.4390693
0.99
0.9414602
0.8345834
0.09340157
0.6389986
0.01
0.6284574
0.047066957
0.4994991
0.63600683
0.8623794
0.48362866
0.47793576
0.32515845
0.064697854
0.01
0.01
0.6234483
0.03179496
0.08328214
0.1738066
0.6904201
0.044215962
0.84153116
0.18106863
0.93490845
0.91274357
0.07022025
0.14300098
0.20155603
0.011910925
0.01
0.65236086
0.7090782
0.5647017
0.01
0.028732317
0.86204135
0.01
0.13845657
0.01
0.11482031
0.050578013
0.01
0.01
0.52199703
0.044950433
0.57225287
0.7314684
0.8239512
0.7729122
0.096602626
0.072534695
0.6951074
0.023437401
0.82572937
0.058300402
0.05108951
0.10540875
0.29367542
0.29629475
0.021765247
0.59786636
0.56295407
0.9892736
0.9795777
0.99
0.97886527
0.9627479
0.60384333
0.01
0.013834205
0.014440094
0.31688488
0.50977224
0.47415757
0.22087742
0.8751139
0.01
0.02055044
0.09670353
0.036015283
0.81306815
0.06694941
0.86362576
0.01
0.060237925
0.86375856
0.21735871
0.6155032
0.23950027
0.6372722
0.7227463
0.22204947
0.01
0.15865423
0.31577006
0.26322266
0.011415895
0.43593416
0.9119296
0.12200303
0.22411853
0.70998144
0.03638296
0.50682795
0.5371731
0.8867063
0.019216869
0.22206654
0.33931428
0.46606496
0.5923623
0.051821377
0.33878326
0.019745305
0.01
0.3258621
0.61389333
0.5623913
0.6267201
0.89040744
0.016614355
0.54867935
0.69068414
0.88075274
0.7501771
0.018024437
0.011582498
0.51403254
0.08044931
0.5708873
0.87722695
0.4437363
0.05366625
0.03166493
0.010095474
0.6594735
0.94870263
0.019237282
0.07614012
0.01
0.33068228
0.57050556
0.2376399
0.45510238
0.5864147
0.108266614
0.029229019
0.032675058
0.012153272
0.97218126
0.052347515
0.01
0.01
0.013766868
0.08334528
0.73198897
0.01
0.01
0.15333883
0.4662492
0.78212893
0.49720535
0.927234
0.8008597
0.014824558
0.8294402
0.52737135
0.18441302
0.013995017
0.49429667
0.032067463
0.037882622
0.53312486
0.024860205
0.7929597
0.01678904
0.055657186
0.024842538
0.01
0.01
0.11584563
0.32554024
0.31503484
0.99
0.9825587
0.036675446
0.4021666
0.6438175
0.5401767
0.028618913
0.0137162795
0.012653257
0.01
0.077079475
0.12642121
0.09008954
0.534434
0.2681991
0.51680434
0.17335318
0.83052975
0.17103088
0.03469968
0.6037032
0.34309685
0.40363908
0.42465597
0.17731446
0.013706007
0.01
0.10157256
0.11284014
0.3340702
0.08442314
0.70022815
0.12238028
0.44278717
0.8023872
0.62240005
0.67498296
0.70849735
0.5740942
0.42540684
0.38695496
0.01
0.050339703
0.8531979
0.6225362
0.5158741
0.5329224
0.01
0.056243867
0.02910961
0.87946665
0.15219969
0.37627992
0.4378665
0.01
0.38394618
0.14932515
0.01
0.13502382
0.0752677
0.1885945
0.51126474
0.5805972
0.71250665
0.01866255
0.061164968
0.29989874
0.01
0.6720511
0.08595719
0.01
0.6007981
0.9240833
0.62745124
0.67463267
0.30160323
0.15039639
0.119657196
0.01
0.2784428
0.6843616
0.021580707
0.25919244
0.97848696
0.029573053
0.036369946
0.52562505
0.40210754
0.01
0.01
0.99
0.95251554
0.027907973
0.01
0.66514647
0.010188111
0.6604044
0.8236204
0.017459638
0.19498792
0.01
0.01
0.4222802
0.38149396
0.27945036
0.6652119
0.23053691
0.27390122
0.50322974
0.07516287
0.01
0.99
0.1739443
0.05650405
0.27252263
0.060115878
0.7832272
0.48962837
0.81456184
0.7463021
0.41362566
0.62522775
0.5429215
0.13770398
0.6675921
0.726277
0.733842
0.43640462
0.629862
0.5282717
0.67152166
0.75481296
0.17980999
0.506992
0.23956336
0.010196222
0.031368993
0.28941357
0.8896821
0.01
0.8120125
0.5075098
0.43160468
0.44360378
0.34525904
0.01
0.01
0.15070908
0.9756806
0.9799973
0.6979821
0.01
0.5924436
0.74711674
0.03832015
0.017927676
0.8108709
0.6151593
0.043629777
0.87881297
0.7453
0.7713293
0.7814417
0.3367771
0.1945419
0.3173668
0.88946855
0.5447374
0.027440267
0.72384363
0.01
0.90137553
0.7112487
0.72443825
0.08614315
0.186042
0.4515626
0.8358859
0.012160298
0.01
0.27184358
0.3614743
0.9807577
0.6650792
0.11345924
0.29214156
0.03567865
0.01
0.01
0.012956372
0.5382238
0.48638487
0.99
0.99
0.01
0.010897917
0.2758832
0.02276485
0.36098176
0.12699388
0.6928916
0.35275814
0.036379423
0.030953864
0.13502467
0.02757129
0.01
0.6676475
0.6129824
0.3825875
0.45187736
0.01
0.03525845
0.040079296
0.01
0.3369126
0.6635011
0.3716804
0.4109118
0.38807303
0.42918175
0.28669938
0.01
0.37994117
0.30379018
0.42914733
0.4366757
0.7831122
0.7668764
0.59094304
0.242475
0.45764565
0.01
0.05710509
0.01
0.7879808
0.010553779
0.01
0.023302097
0.46525607
0.4048033
0.030002452
0.23736683
0.29687673
0.04435049
0.7725067
0.01
0.015002602
0.01
0.5896833
0.45335034
0.29364276
0.019358378
0.9080468
0.9651721
0.8529888
0.015175929
0.6760365
0.06301283
0.44440687
0.06192032
0.019996488
0.10299473
0.022262594
0.78653246
0.6008293
0.41925004
0.01
0.01
0.10880158
0.24385364
0.010841405
0.10834464
0.24180527
0.01
0.51545227
0.8596916
0.8311741
0.33386853
0.03248866
0.26796967
0.014207385
0.6940782
0.69214505
0.01
0.01
0.8199312
0.75355375
0.43298805
0.23638222
0.58575326
0.2341883
0.51558065
0.22357841
0.3155834
0.01
0.07400425
0.4599231
0.8248392
0.768956
0.629454
0.1407379
0.14871079
0.74288386
0.8404778
0.74489456
0.07181007
0.21822523
0.6458036
0.13529903
0.31496394
0.77921426
0.8587016
0.12208618
0.60678595
0.17882977
0.49213162
0.01
0.06789528
0.1764481
0.5541991
0.11950431
0.46098983
0.30094326
0.07182221
0.9650362
0.01
0.70196325
0.032801796
0.6538228
0.8031736
0.50881237
0.16514084
0.01
0.02020944
0.74986726
0.15968834
0.01
0.2436244
0.2370723
0.7389659
0.24989258
0.778597
0.013882371
0.015600247
0.71109825
0.29498172
0.24005663
0.043003466
0.01
0.034256864
0.027411198
0.11295768
0.38346997
0.01
0.8312232
0.54512763
0.015386248
0.01
0.015721055
0.11829878
0.5583201
0.010918069
0.22176385
0.554744
0.01
0.5889128
0.859998
0.93191016
0.82849336
0.01
0.040356778
0.012199826
0.04520847
0.08179565
0.01
0.99
0.41850927
0.7094414
0.029245399
0.32851818
0.29164702
0.01
0.01
0.01
0.036113262
0.014746381
0.60938406
0.21794674
0.8359263
0.3979942
0.5260202
0.5366047
0.06533069
0.61489636
0.9579771
0.77123606
0.97874373
0.10761973
0.69697636
0.04581159
0.8435266
0.9605591
0.9413463
0.9283029
0.14925367
0.01099815
0.70777774
0.34609547
0.6534953
0.12996107
0.099256516
0.29248473
0.47173548
0.3004091
0.024379566
0.36906922
0.239241
0.01
0.038084324
0.43630555
0.8169775
0.03626986
0.01
0.01
0.5453117
0.66978705
0.06686894
0.035568893
0.5013082
0.052782305
0.7283567
0.40457594
0.57318926
0.40909615
0.5808272
0.021627842
0.016196853
0.32407933
0.04211261
0.69708085
0.11079573
0.91549504
0.35299048
0.031185519
0.012910875
0.486551
0.691415
0.01878733
0.7295795
0.01
0.01
0.01
0.7863295
0.65833163
0.8302349
0.44715595
0.10978139
0.01
0.46547806
0.49873173
0.35907793
0.5676766
0.01
0.91374934
0.09739132
0.714955
0.58465046
0.43175092
0.82347435
0.50185174
0.048267003
0.4645886
0.057775486
0.16312481
0.87796456
0.06246818
0.29182386
0.17913054
0.8883917
0.5480711
0.8212352
0.023867002
0.36987963
0.08421479
0.23521136
0.09857585
0.55856764
0.01
0.16543181
0.4727073
0.088624924
0.023561254
0.1778962
0.39079812
0.8332196
0.9481164
0.766505
0.76488334
0.7785114
0.1534966
0.33820307
0.83923155
0.08439084
0.9201203
0.15272151
0.78568524
0.6778851
0.5440755
0.22761102
0.24400458
0.416033
0.07332222
0.14139616
0.07822155
0.17701744
0.694066
0.027808845
0.60031164
0.076298475
0.25934547
0.780952
0.19461414
0.7961903
0.26575342
0.017883329
0.14237657
0.58232975
0.3240217
0.9254644
0.01
0.3704748
0.01
0.11172459
0.5288743
0.01
0.22109511
0.3118271
0.23342495
0.08132774
0.0756876
0.37373927
0.31890148
0.05507425
0.939293
0.34716582
0.15566862
0.86219436
0.023085676
0.32609996
0.2960507
0.45663482
0.10688455
0.073506944
0.07322594
0.8326214
0.06949045
0.01
0.5488461
0.01
0.01
0.4359901
0.419971
0.01
0.042156585
0.01
0.01
0.03525177
0.01
0.014976229
0.6823141
0.6194054
0.01
0.01
0.052271493
0.01
0.17734268
0.31959873
0.051161103
0.6738212
0.22811808
0.44149718
0.06158751
0.27117613
0.058938894
0.5819833
0.036121484
0.04216689
0.64054245
0.06147888
0.025321776
0.3778958
0.056448013
0.69790137
0.35192204
0.012106527
0.3823871
0.2463749
0.07615928
0.7427961
0.9252203
0.01
0.6580844
0.058218546
0.3806441
0.01
0.99
0.117657475
0.47650632
0.50408816
0.7812117
0.01
0.018155653
0.52370256
0.01
0.18361609
0.1869768
0.5132168
0.050347615
0.01
0.01
0.8793496
0.19263145
0.04426597
0.6116151
0.19192119
0.021140935
0.3561404
0.01
0.99
0.99
0.24527228
0.24042499
0.015535325
0.11821182
0.76176834
0.49189746
0.01
0.01
0.010341086
0.25594005
0.052490834
0.05746954
0.14314868
0.06204169
0.05216907
0.09149247
0.87671226
0.39040935
0.21786636
0.6155126
0.5260963
0.01
0.025939513
0.16745886
0.01
0.01
0.11142927
0.021512201
0.03996751
0.5501832
0.01
0.05977529
0.01
0.013762772
0.01
0.01
0.01
0.030632762
0.01
0.563112
0.01
0.5382535
0.01
0.99
0.9531456
0.7640601
0.012125737
0.5625552
0.050387222
0.01
0.01
0.01
0.02152483
0.45606542
0.8002727
0.21753511
0.1473928
0.01
0.020624012
0.01
0.12712175
0.54702216
0.9751579
0.76447594
0.97124815
0.9756414
0.027198948
0.01
0.031804588
0.40029216
0.87930864
0.12092206
0.14044039
0.1415137
0.037992276
0.026324475
0.014014488
0.071318954
0.01
0.464434
0.06117029
0.036827695
0.20084707
0.99
0.99
0.99
0.9465792
0.9798023
0.01
0.2717979
0.1772058
0.40588057
0.052749258
0.22334251
0.021704424
0.9883781
0.96059453
0.01
0.5858345
0.01
0.036642406
0.01
0.01
0.99
0.779079
0.01
0.99
0.98987514
0.6973402
0.01992326
0.6481775
0.49817887
0.01
0.05911855
0.8311372
0.015755372
0.66358536
0.037423827
0.5515762
0.64927167
0.5898297
0.01
0.96262205
0.5371126
0.5697777
0.01
0.4082094
0.902271
0.8358385
0.28035173
0.7123091
0.047594357
0.038097862
0.0973364
0.79184103
0.011587064
0.4038718
0.45592368
0.9055161
0.7387334
0.7898925
0.012754774
0.76829726
0.64944375
0.47581086
0.41829163
0.018312821
0.5490622
0.36114466
0.19857362
0.6292304
0.01
0.5046477
0.01
0.6932283
0.16505814
0.1900563
0.39802796
0.46328568
0.017813688
0.057826493
0.6841825
0.13643153
0.25193378
0.63178706
0.9297465
0.01
0.67881113
0.04985978
0.5977302
0.017196717
0.011305633
0.57433337
0.76747185
0.01
0.30287826
0.09841913
0.6989414
0.2599919
0.7403584
0.016169531
0.41520593
0.035902206
0.7891919
0.6520248
0.07313556
0.014807374
0.7571825
0.13765052
0.52476704
0.19636308
0.26944137
0.6683334
0.020308105
0.5315327
0.75302047
0.48648202
0.7699557
0.8140796
0.63281024
0.7193052
0.1434963
0.03441214
0.2945042
0.21223314
0.8615083
0.38048425
0.01
0.38471246
0.0209169
0.04223513
0.062068556
0.044364486
0.4033183
0.69227797
0.6603779
0.31780845
0.4985009
0.7007943
0.020688651
0.051699158
0.6742868
0.7990987
0.051779628
0.16191977
0.69881994
0.18146935
0.75116014
0.01
0.013027257
0.24993737
0.15272336
0.04946494
0.7269097
0.20594414
0.015784184
0.01
0.44641143
0.13622838
0.040515784
0.13268574
0.011675065
0.01
0.11991025
0.6222501
0.023657024
0.01
0.01
0.01
0.01
0.01
0.02554873
0.045618422
0.34854886
0.10287882
0.03661407
0.7444596
0.46080488
0.6203183
0.01
0.11680115
0.36690083
0.063987836
0.24808079
0.060081847
0.01
0.09889054
0.26556122
0.046049528
0.01
0.01
0.5064249
0.3598307
0.045052014
0.033485863
0.019248737
0.28505865
0.06940512
0.24365209
0.2331264
0.01
0.019023245
0.01
0.13290861
0.35786772
0.44564134
0.2879888
0.01
0.01
0.043591138
0.18401216
0.10757443
0.8873191
0.06660259
0.08326449
0.11813964
0.039036542
0.016122974
0.75627184
0.20207962
0.012823187
0.12073828
0.6042021
0.047462396
0.64264864
0.11857285
0.033395313
0.01
0.01
0.16385287
0.34901497
0.01
0.045825902
0.2111972
0.09527267
0.6147406
0.45852777
0.3025996
0.01
0.026867222
0.40069303
0.1418335
0.019246839
0.59620094
0.7870932
0.013760305
0.46107924
0.032649264
0.01
0.01
0.01
0.06322431
0.055100445
0.02479752
0.37807283
0.01
0.30715472
0.03975038
0.0952016
0.01
0.022586437
0.03280272
0.01
0.01
0.01
0.01
0.01
0.22454742
0.43679082
0.038637828
0.11272113
0.75883967
0.69256717
0.18785308
0.37575096
0.34069878
0.0552469
0.01
0.048317913
0.014190644
0.01
0.01
0.01
0.011575344
0.01
0.01
0.020712756
0.024558427
0.025533173
0.01
0.30808723
0.30484533
0.03442653
0.09922397
0.0331906
0.016927104
0.01
0.22740358
0.15544823
0.412306
0.042638905
0.2767011
0.15048906
0.15803842
0.016167505
0.13010447
0.10193229
0.39436245
0.4223952
0.01
0.21231158
0.075208835
0.015965547
0.15982495
0.06274513
0.022407083
0.018434031
0.023436144
0.026937898
0.18802555
0.04681399
0.04163269
0.01
0.038566545
0.012554185
0.11603651
0.024933899
0.14395373
0.23367809
0.0112855565
0.3349669
0.01659422
0.43644103
0.016872972
0.015096787
0.01
0.13200659
0.18179807
0.03935429
0.2830251
0.10550846
0.032027822
0.010657814
0.11259066
0.024811363
0.09166435
0.024157966
0.4019158
0.64224863
0.115270235
0.078671135
0.0450722
0.17521954
0.01
0.14074382
0.01
0.01
0.034656618
0.12010976
0.50775844
0.06364031
0.21547098
0.074385904
0.37260836
0.01
0.01
0.032224763
0.01
0.09103332
0.01
0.01
0.018812403
0.019823361
0.03330374
0.03030961
0.01
0.01
0.13549551
0.01
0.018109046
0.5858045
0.47218707
0.014455114
0.01
0.01
0.023573365
0.012054972
0.021649858
0.01
0.01
0.021955743
0.01
0.01
0.07128192
0.01
0.01
0.01
0.53025186
0.08191269
0.01
0.01
0.01
0.063921414
0.01
0.03173918
0.01
0.034514852
0.01
0.030580094
0.016675398
0.01
0.014786421
0.08534952
0.047723662
0.17357819
0.01
0.7195608
0.07816944
0.13456449
0.26451126
0.27494952
0.5670901
0.8643936
0.063098915
0.01
0.019785943
0.63957584
0.70287514
0.01
0.11446385
0.7679563
0.016966889
0.6266859
0.8101847
0.38400853
0.02897423
0.027615843
0.4296166
0.71531487
0.76841474
0.08303815
0.020232674
0.03365281
0.5167603
0.06923547
0.031981014
0.33309227
0.3488427
0.1206702
0.01
0.01
0.034402937
0.01
0.01
0.01
0.01
0.5163469
0.01
0.01
0.1579674
0.015944818
0.041257143
0.01
0.10447992
0.13534915
0.01
0.13654225
0.01
0.048056353
0.01
0.01
0.01
0.01
0.01
0.045317262
0.8169745
0.6632991
0.78967124
0.10041641
0.7596616
0.75916404
0.01
0.09313112
0.21201034
0.75873524
0.01
0.01
0.07049433
0.10501103
0.039442547
0.01632999
0.3327911
0.22846813
0.28658843
0.059776537
0.07708969
0.99
0.99
0.40563145
0.37239477
0.01915525
0.0656813
0.02098518
0.08730562
0.10111712
0.17620642
0.70923513
0.032839827
0.07327768
0.3351498
0.029798532
0.48722854
0.072350524
0.53813577
0.25963402
0.623465
0.01
0.051287644
0.01
0.01
0.45826468
0.01
0.15812488
0.45713997
0.05345587
0.08401848
0.011193749
0.5481288
0.06318148
0.01
0.0840756
0.018358756
0.04419331
0.11858252
0.18751466
0.045153517
0.78941387
0.4014715
0.1894865
0.01
0.20760745
0.01
0.045390263
0.0110896705
0.012231529
0.12549645
0.01
0.054384213
0.01
0.6866722
0.01288255
0.18571076
0.06052047
0.010753616
0.051373597
0.01
0.015631665
0.94054395
0.01
0.7797001
0.7791212
0.8425669
0.01
0.06413332
0.01
0.01
0.01
0.01
0.01
0.040548418
0.01
0.22087991
0.10758771
0.022801448
0.29061764
0.01
0.55306965
0.084921755
0.26721048
0.02072425
0.3160128
0.045227822
0.097167626
0.01
0.0847276
0.05296041
0.7853977
0.45054704
0.01
0.09564255
0.35940883
0.01
0.01
0.6219123
0.018610477
0.017139085
0.43266565
0.01
0.22145708
0.05650927
0.011812954
0.020244163
0.01
0.23086828
0.01708158
0.01
0.01
0.24084549
0.06473929
0.037301715
0.01
0.01
0.01
0.01
0.020165203
0.018231228
0.048905153
0.5157363
0.12228382
0.01
0.10249034
0.0235236
0.049468007
0.086673394
0.019292843
0.31814918
0.05715673
0.761474
0.9854638
0.94354004
0.4912288
0.2026376
0.70068705
0.01
0.01
0.14105436
0.01
0.9321722
0.01
0.22401357
0.04526463
0.4086787
0.26459226
0.095123895
0.27777925
0.4076373
0.08311926
0.021729134
0.047490258
0.01
0.01
0.025102036
0.21337768
0.01
0.01
0.64634323
0.026296677
0.54804796
0.21735932
0.15206398
0.99
0.01
0.016333355
0.020481512
0.42433885
0.01
0.10213411
0.8878424
0.09938717
0.062136903
0.0790765
0.22342838
0.17201246
0.01
0.055042654
0.21331857
0.01
0.15807828
0.01
0.023362398
0.01
0.8456153
0.175793
0.01
0.01
0.030072104
0.01
0.20750366
0.023012256
0.7873238
0.02736346
0.018545037
0.7478942
0.01
0.18360965
0.76777524
0.50027496
0.58680385
0.21549349
0.124246046
0.218387
0.2769265
0.053744156
0.02578048
0.0171257
0.28637186
0.3354967
0.57520556
0.5059045
0.4016041
0.1583372
0.05940441
0.047072753
0.01
0.05000418
0.06830002
0.029679567
0.033062052
0.16091113
0.31132075
0.028127264
0.01
0.010048597
0.04412392
0.01
0.1295985
0.01
0.01
0.01
0.01
0.08009928
0.18396717
0.22881448
0.2166577
0.01
0.01
0.020900441
0.52782816
0.86666614
0.79106957
0.1090933
0.21190241
0.29046205
0.0470795
0.01
0.014664516
0.11759481
0.01
0.5955907
0.013427964
0.05684632
0.024693439
0.30567238
0.01
0.021361843
0.028992271
0.01
0.01
0.7786863
0.44263613
0.01
0.01
0.01
0.02118232
0.34082538
0.4694476
0.011657658
0.01
0.05440844
0.030472066
0.04487755
0.13083802
0.0541405
0.13496764
0.34432295
0.30639452
0.044334978
0.01
0.32823062
0.540211
0.6217321
0.74486864
0.6087992
0.051220905
0.031422444
0.018871337
0.02515019
0.019545138
0.211302
0.6535374
0.60408443
0.09390075
0.026144778
0.01
0.061234463
0.02256846
0.12728749
0.0262956
0.114043646
0.01557396
0.29718623
0.01
0.46748132
0.3729557
0.10291951
0.41863713
0.20232898
0.19198681
0.011339235
0.38414815
0.01
0.01
0.01
0.01878611
0.01
0.21261
0.01
0.012762522
0.01
0.054540645
0.10357296
0.74319416
0.4759022
0.67294914
0.01403902
0.017450536
0.01
0.041934688
0.105140775
0.031925116
0.4589815
0.01
0.060348935
0.3378905
0.04905973
0.013534956
0.07671673
0.01
0.20034657
0.0820831
0.087845564
0.6193865
0.6936798
0.35005492
0.01696719
0.016019275
0.1739014
0.18962136
0.01
0.07371964
0.01
0.13709435
0.04597362
0.10175163
0.38069236
0.012149699
0.10546172
0.04731329
0.01
0.20092836
0.01
0.16270924
0.19136178
0.19825839
0.14720444
0.014049822
0.02643118
0.36655045
0.5509023
0.5670642
0.02051485
0.01
0.01
0.01
0.11101876
0.01
0.03252879
0.057554416
0.30047473
0.01
0.01
0.01
0.021410264
0.01
0.01
0.01
0.04087096
0.53154117
0.64316255
0.01
0.16395946
0.09523202
0.023472946
0.027588744
0.13715099
0.03789978
0.01
0.01
0.30348215
0.01
0.24388205
0.09714998
0.067204505
0.011393768
0.12060451
0.01
0.01
0.01
0.01
0.23186083
0.9727506
0.95050377
0.91648155
0.01
0.91071194
0.87602466
0.015429151
0.61366224
0.01
0.024460599
0.24642377
0.012942981
0.049516853
0.016508989
0.0253014
0.01
0.02633692
0.01
0.6246582
0.01
0.99
0.89428234
0.01
0.01
0.053425826
0.097882874
0.5663463
0.010500298
0.79593825
0.01
0.049053002
0.01
0.01
0.01
0.1329036
0.5721518
0.042417422
0.54943144
0.8687946
0.66635126
0.01
0.026503986
0.058079418
0.01
0.17179985
0.06366566
0.01
0.017273663
0.33531398
0.29708228
0.01
0.05488756
0.01
0.08564067
0.01
0.01
0.01
0.037863284
0.01
0.014081251
0.35619503
0.030989086
0.038764685
0.018563436
0.08819016
0.01
0.29286453
0.01
0.9501749
0.02459674
0.015591389
0.08397042
0.01
0.01
0.04968127
0.01
0.01
0.01
0.055935483
0.72536993
0.01
0.040784802
0.22572917
0.6109138
0.01
0.23133732
0.01
0.45651186
0.3198337
0.015364014
0.56088847
0.01
0.16137764
0.2812211
0.53047806
0.7155256
0.70841205
0.29795668
0.02180482
0.01
0.012304749
0.01
0.042969346
0.01
0.01
0.01
0.19345787
0.12577257
0.01
0.023187429
0.1783622
0.45304096
0.17525268
0.07661091
0.016460123
0.24650614
0.50602216
0.01
0.085110515
0.01
0.2713562
0.01
0.21743433
0.1703912
0.6654442
0.6232048
0.11763436
0.01
0.01
0.01
0.17884083
0.09782273
0.06967684
0.01
0.49384204
0.5436652
0.5498484
0.01
0.01
0.41595197
0.01
0.241641
0.14381231
0.9288627
0.7325008
0.7012713
0.036302123
0.052603908
0.020611057
0.021961678
0.4546716
0.01
0.12555456
0.01
0.45299047
0.47042125
0.14871311
0.06654301
0.021673657
0.11367442
0.01
0.3353362
0.01
0.012183574
0.01
0.045774315
0.013254372
0.35472712
0.1669402
0.111720726
0.083172
0.4193544
0.01
0.3441389
0.017089235
0.17352408
0.16498305
0.68383324
0.11321165
0.11939888
0.55395716
0.02154813
0.01
0.19864058
0.036728147
0.46724597
0.01472649
0.15827785
0.13673635
0.14758281
0.01
0.072611175
0.01
0.14504515
0.5784745
0.491346
0.0888543
0.23335864
0.65884876
0.01
0.103849165
0.25171733
0.71486133
0.039299868
0.22898707
0.016634053
0.98330885
0.9714065
0.44509917
0.01
0.01
0.3001744
0.29714578
0.03408499
0.17556812
0.08875588
0.01
0.05348566
0.089273036
0.15253176
0.049950816
0.18096472
0.17228243
0.272578
0.012411189
0.07235974
0.6312178
0.01965709
0.05703554
0.01
0.036793143
0.03822842
0.07043215
0.054533448
0.01
0.29237008
0.18538624
0.99
0.99
0.97915536
0.01
0.20429778
0.11828838
0.117553465
0.01
0.01
0.32771352
0.01
0.013805496
0.26266706
0.23588112
0.08112266
0.01
0.01
0.33385497
0.38251615
0.01
0.24569641
0.33727184
0.01
0.073960125
0.07257682
0.01
0.01
0.17208971
0.22863407
0.07768374
0.52138925
0.029714175
0.043976523
0.052823655
0.028406316
0.7807844
0.031691793
0.013820116
0.01
0.012739052
0.01
0.6493557
0.01
0.067785
0.38099682
0.01
0.013153338
0.02476715
0.41181472
0.01
0.01
0.30661267
0.014785054
0.031400118
0.025066849
0.01
0.08301342
0.40585214
0.2135871
0.25085086
0.22566843
0.01
0.01
0.01
0.030039972
0.29516253
0.055536464
0.27800632
0.07916969
0.2233751
0.01
0.37486002
0.9543917
0.95873815
0.86491454
0.521742
0.30779278
0.023026481
0.02978293
0.7338789
0.27703038
0.3344305
0.035899464
0.04884742
0.47493932
0.06441778
0.01
0.89279026
0.039088823
0.017224984
0.052261245
0.9855709
0.75137424
0.01
0.49137014
0.5504421
0.4534351
0.39013755
0.01
0.03321713
0.01
0.01
0.48012754
0.5921854
0.08693782
0.01
0.01
0.13336614
0.025238384
0.6907136
0.52043366
0.7345821
0.01
0.13902949
0.05096473
0.31688723
0.01
0.01
0.01
0.050841946
0.01
0.053410757
0.24022585
0.010541766
0.01
0.012805266
0.75465107
0.021821914
0.018278144
0.08674478
0.8162795
0.41694134
0.41685316
0.11384479
0.01
0.113105066
0.0926383
0.7026354
0.124686226
0.01
0.3656232
0.15067296
0.049744114
0.25776368
0.046682794
0.01
0.31990117
0.19791473
0.34271565
0.01
0.012676177
0.10408666
0.22324996
0.01
0.01
0.057268947
0.04040404
0.01
0.01
0.024056133
0.026307173
0.11197977
0.074617736
0.012039904
0.055980414
0.07995874
0.01
0.01
0.6819257
0.75810874
0.74650335
0.5209839
0.7747633
0.25450292
0.80345744
0.9580932
0.9135933
0.6896336
0.8967205
0.9424946
0.033576924
0.78283656
0.9721306
0.9279293
0.01
0.029702589
0.8856663
0.69943464
0.01
0.8860032
0.5277868
0.01
0.21268559
0.01
0.8446553
0.6239448
0.25348157
0.49418497
0.584573
0.0836158
0.22823
0.01
0.15243658
0.12705648
0.856537
0.78193295
0.012968342
0.01
0.01
0.048300967
0.013749568
0.028858176
0.024560304
0.03456937
0.7386649
0.03216729
0.59763
0.020063076
0.01
0.26712143
0.3489163
0.01
0.02435457
0.01
0.01
0.01
0.014367729
0.01
0.01
0.083481625
0.78705496
0.8467379
0.32038495
0.5333825
0.01
0.01
0.16914326
0.4003035
0.01
0.01
0.01
0.01
0.01
0.01
0.01
0.01372809
0.07745818
0.044792295
0.01
0.19256316
0.05657243
0.299084
0.04300153
0.020232815
0.5079065
0.06845878
0.17943648
0.1975679
0.01
0.14563805
0.01
0.01
0.21823846
0.01
0.0130331805
0.029738108
0.01
0.014178456
0.73458356
0.024342984
0.3118941
0.031204015
0.142553
0.036063615
0.44818956
0.024848096
0.22153503
0.6630969
0.031919338
0.84581286
0.54972184
0.038638957
0.01
0.4788856
0.1647689
0.01
0.52355516
0.032965437
0.033038273
0.121159375
0.01
0.01
0.12711132
0.018356109
0.26559156
0.49607024
0.11212769
0.17319345
0.4041529
0.01
0.035370294
0.6491618
0.2655473
0.09670873
0.2101182
0.55145985
0.060167357
0.1874759
0.01
0.06571764
0.51546526
0.14958352
0.01
0.01
0.025512448
0.01
0.2426945
0.01
0.01
0.07955567
0.01
0.11932726
0.01
0.010614005
0.0116499085
0.022028921
0.030096794
0.064907655
0.01
0.018606715
0.08416921
0.01
0.034213934
0.14325666
0.5606714
0.01
0.6136959
0.01
0.01
0.85460603
0.04014683
0.81089324
0.01
0.8415537
0.61919415
0.37913817
0.65622216
0.01
0.022839865
0.021749003
0.01
0.13878599
0.24683516
0.01
0.04291133
0.03564608
0.37698847
0.83024526
0.10603507
0.01
0.01
0.07754805
0.017555462
0.01
0.01
0.077521585
0.121531785
0.79415166
0.01
0.12088165
0.77333975
0.46940327
0.16818227
0.28599283
0.83054256
0.07899237
0.074268475
0.01
0.01
0.01
0.015451325
0.08462759
0.01
0.01
0.661736
0.3206249
0.01
0.048911233
0.5339547
0.64093834
0.06102833
0.01
0.5755904
0.10177974
0.014219183
0.59352356
0.014493244
0.01
0.08372861
0.44371453
0.3406066
0.29835054
0.043770615
0.23726188
0.01
0.01
0.20742449
0.045888506
0.44182202
0.28982705
0.38622445
0.01
0.3655432
0.0879883
0.01
0.11622598
0.01
0.28898987
0.01
0.01
0.11009807
0.514445
0.01
0.076623626
0.01
0.01
0.010046041
0.01
0.01
0.26907358
0.33598283
0.054583944
0.01
0.01
0.121658295
0.64085335
0.09259229
0.01
0.01
0.04116326
0.01
0.01699254
0.01
0.99
0.99
0.03404582
0.01
0.01
0.089453556
0.015989313
0.19384684
0.035097655
0.01
0.01
0.01
0.01
0.08878097
0.04213851
0.05256226
0.17700775
0.01
0.041076295
0.01
0.06705229
0.11151219
0.12728545
0.98045737
0.95967275
0.98501194
0.08160806
0.098829225
0.5132367
0.99
0.99
0.020801941
0.01
0.01
0.3401961
0.01
0.010769388
0.076320186
0.051730577
0.049759686
0.01
0.01
0.01
0.01
0.01
0.30835223
0.01
0.01
0.03289013
0.01
0.72582334
0.7981013
0.01
0.034443825
0.044769675
0.09312089
0.21302722
0.3691033
0.64565855
0.01
0.22672649
0.017456913
0.2954397
0.8668331
0.9127923
0.73019445
0.99
0.42200148
0.465072
0.041985054
0.01
0.49871933
0.99
0.99
0.95494443
0.81462526
0.0155233545
0.01
0.33421084
0.01
0.01
0.04224594
0.72976106
0.012820375
0.054529235
0.01
0.037280705
0.25570107
0.1254373
0.24310504
0.01237029
0.01
0.8988173
0.01
0.68520826
0.01
0.99
0.99
0.521199
0.69564706
0.05848235
0.028462153
0.59839404
0.25377437
0.04393411
0.04339486
0.51421386
0.43827307
0.57878125
0.015074135
0.1738713
0.23277812
0.01
0.9701322
0.013349738
0.056699447
0.13369508
0.99
0.67148113
0.99
0.99
0.99
0.99
0.8804892
0.34728315
0.07018214
0.01
0.021928135
0.14002869
0.9029408
0.010824498
0.01
0.23439828
0.01
0.01
0.026972314
0.15479901
0.10409083
0.6157903
0.01
0.01
0.05397254
0.40209487
0.34363252
0.35335022
0.1770043
0.5152476
0.030639285
0.02621529
0.3916833
0.6673222
0.03808952
0.3001979
0.01
0.01
0.24522455
0.1768888
0.06831807
0.01
0.27923754
0.013577148
0.034051135
0.6842749
0.22794318
0.01
0.9653838
0.9706965
0.38033947
0.01
0.0708652
0.05550116
0.5141162
0.01
0.09708476
0.41650647
0.033157866
0.01
0.7000394
0.14467135
0.01
0.26854852
0.23330183
0.21547347
0.01
0.01
0.61188865
0.5361023
0.42595044
0.02562189
0.030498011
0.010535
0.14365834
0.10964571
0.01
0.01
0.01
0.01
0.018615685
0.01
0.13859563
0.10115075
0.01
0.57239366
0.12360147
0.06502734
0.01
0.062044494
0.01
0.185234
0.022464676
0.0683517
0.120853335
0.2986864
0.01
0.01
0.01
0.26861423
0.01
0.76590353
0.043211743
0.017498536
0.01
0.12610075
0.01
0.01
0.01
0.022182459
0.01
0.39541534
0.011294787
0.64988965
0.32561275
0.121698156
0.01
0.69805866
0.32242385
0.56514126
0.014588713
0.06678734
0.019628827
0.021411384
0.03528315
0.01600519
0.01
0.15768808
0.0234801
0.07110494
0.10244094
0.01
0.040110614
0.01
0.01
0.014370843
0.01
0.038788565
0.01
0.21176668
0.9852915
0.98550826
0.6142827
0.6553518
0.01
0.02825895
0.088974796
0.024143534
0.01
0.01
0.19934478
0.01
0.4998263
0.01
0.01
0.91688544
0.035882775
0.012925905
0.1495777
0.05228812
0.01
0.3289922
0.011189547
0.05681036
0.029138565
0.5598868
0.31567064
0.058324788
0.020410003
0.01
0.124671996
0.01
0.022587096
0.5101449
0.01
0.18556657
0.40774786
0.01
0.01
0.01
0.019422572
0.021552099
0.12613952
0.6653273
0.013773552
0.01
0.11575056
0.1327223
0.6044603
0.02071792
0.079063185
0.014317575
0.021552438
0.29065636
0.06759449
0.15204208
0.01
0.31255558
0.22093126
0.13102743
0.12629066
0.034578223
0.24719174
0.055708397
0.03279775
0.01
0.05728177
0.334779
0.12959231
0.01
0.01
0.1950055
0.01
0.47489005
0.01
0.01
0.01
0.19133696
0.01
0.01
0.47256154
0.034950405
0.15199772
0.2401548
0.01
0.36285424
0.2562064
0.30871573
0.053919364
0.01
0.18507174
0.042592693
0.01
0.01
0.18612021
0.082669
0.011947649
0.50493383
0.01
0.016599536
0.18831047
0.01
0.18616267
0.07084442
0.033352595
0.025064737
0.01
0.9883938
0.9496723
0.99
0.18512596
0.07187299
0.013699099
0.48437682
0.5153096
0.01
0.072843604
0.08370456
0.10447362
0.36998156
0.2996419
0.057651553
0.5371097
0.9741494
0.7525361
0.011909595
0.026997166
0.023398327
0.01
0.010000547
0.62115437
0.61032355
0.029501345
0.39721286
0.014090727
0.01
0.011835458
0.011161073
0.16321853
0.01
0.014752569
0.15956958
0.27937394
0.3200166
0.33784455
0.05782599
0.011472311
0.01
0.01
0.34263086
0.515204
0.01
0.25856757
0.19010235
0.01
0.828723
0.35729948
0.46286112
0.5995371
0.06599349
0.029898267
0.99
0.37607166
0.01
0.7226912
0.04603364
0.62330204
0.1282175
0.083820894
0.01
0.01
0.0140070375
0.080401495
0.043191504
0.098515615
0.0665927
0.029211933
0.0440931
0.079288155
0.014880367
0.23706177
0.016373416
0.01
0.10344324
0.050697215
0.28156438
0.01
0.47149992
0.33630878
0.11894756
0.01
0.3066968
0.07136235
0.01
0.038082715
0.20273288
0.2802407
0.1776308
0.01796362
0.27537996
0.1101299
0.43831366
0.018681182
0.01
0.01
0.10805087
0.06931321
0.69775283
0.7897383
0.030042576
0.27321666
0.03618008
0.01
0.01
0.10956509
0.01
0.37835217
0.044455346
0.78526396
0.65143746
0.5685081
0.87285864
0.7524588
0.3651532
0.76370835
0.1282088
0.13000259
0.9729286
0.30238667
0.30452263
0.015783858
0.015464411
0.32617238
0.01
0.01
0.016123293
0.7562799
0.02485431
0.01
0.9202849
0.03218486
0.58971816
0.096109025
0.01
0.34843457
0.05529974
0.037520397
0.10695863
0.56903225
0.01
0.013065551
0.055517375
0.7322946
0.63283265
0.01
0.01
0.42483094
0.11642679
0.04353682
0.017792493
0.16029377
0.01
0.1260329
0.2992643
0.6448181
0.01
0.4659324
0.66786325
0.01
0.05249883
0.03300113
0.023078507
0.06112421
0.71140987
0.51809174
0.82114124
0.35424796
0.05234359
0.95387083
0.077681184
0.01
0.01
0.29028162
0.09610642
0.01
0.5738396
0.02638008
0.01
0.01
0.070078194
0.46866822
0.07033926
0.021373456
0.06808993
0.02246076
0.01
0.37506202
0.05303877
0.01
0.028120637
0.12035637
0.40521702
0.30222446
0.01
0.01
0.03598811
0.07119084
0.11669595
0.08558978
0.01
0.5689272
0.01
0.11204825
0.98963004
0.44129896
0.01
0.20394847
0.06897156
0.04442636
0.01155216
0.40116963
0.17826763
0.01
0.34173197
0.021064922
0.013214904
0.01
0.024117086
0.01
0.32337248
0.026399083
0.7218242
0.60625947
0.36237115
0.22002648
0.09533585
0.050755113
0.022999557
0.01
0.025122393
0.3604276
0.01
0.014122466
0.1392456
0.40649098
0.110671066
0.01
0.16089894
0.01
0.7480836
0.5047417
0.01
0.094946
0.16306214
0.17479785
0.01
0.031549264
0.11097773
0.019401206
0.01
0.027147284
0.01
0.2681036
0.10944054
0.08163188
0.010041471
0.4340719
0.3606407
0.6400889
0.05115033
0.18110943
0.2774213
0.38201937
0.06136821
0.68659806
0.02429817
0.34538764
0.017764159
0.01
0.13344169
0.01
0.07631182
0.22997451
0.05210473
0.02570885
0.481954
0.8832481
0.18406059
0.06915688
0.01
0.01
0.01
0.014814693
0.010689083
0.023130374
0.01
0.01
0.5706241
0.01
0.010706549
0.029564198
0.03819225
0.2515182
0.01
0.012105438
0.58203065
0.23328085
0.23084645
0.25088754
0.01
0.056103338
0.020111984
0.25849372
0.19603264
0.15170266
0.013303748
0.2855918
0.26675177
0.62652075
0.01
0.111982726
0.4894461
0.01
0.37428623
0.019847732
0.059948735
0.07218425
0.03383068
0.042942725
0.09252203
0.032252453
0.17321777
0.01
0.048245765
0.01
0.01
0.31235597
0.18827745
0.011907742
0.01
0.04951929
0.01
0.16917422
0.012869454
0.01
0.014116532
0.01
0.01
0.032193985
0.01
0.01
0.14783183
0.07699163
0.027314719
0.1900463
0.056387976
0.01
0.01
0.01
0.041452345
0.4378793
0.01
0.94412464
0.018833851
0.01
0.50148946
0.27240956
0.055502813
0.030098645
0.021580108
0.3917649
0.01
0.14689915
0.01
0.013533403
0.01
0.01
0.01
0.44893736
0.21154878
0.06311329
0.01
0.01
0.01
0.01
0.01
0.30259964
0.26100078
0.03388068
0.035356306
0.01
0.018107953
0.5977379
0.26450604
0.6800697
0.12018606
0.357999
0.3102387
0.21644934
0.43089455
0.08048583
0.01
0.01
0.01
0.39081427
0.01
0.24225537
0.30701104
0.5497328
0.107961014
0.010797898
0.097374976
0.30842614
0.26695552
0.01
0.1710152
0.01
0.13683178
0.9484838
0.115635656
0.016743626
0.14762956
0.22695364
0.010413517
0.01
0.04080358
0.05272512
0.48117012
0.20093876
0.12511022
0.16392602
0.10993974
0.02207067
0.22351128
0.17959973
0.30817214
0.01
0.1768792
0.09470411
0.10604295
0.10570066
0.02964666
0.01
0.01
0.3100911
0.25482175
0.24758522
0.32734603
0.025951933
0.11023407
0.01
0.059418105
0.24083775
0.01818095
0.040942106
0.31629205
0.01
0.01100309
0.092602916
0.07735689
0.01
0.11125052
0.01
0.03858422
0.14549142
0.16479623
0.08449651
0.0513781
0.01
0.028646035
0.01
0.07881048
0.031669285
0.01
0.16406761
0.0560383
0.06008168
0.07645837
0.01
0.05379816
0.01
0.01
0.13606595
0.1342113
0.010474407
0.032028932
0.13257177
0.44511962
0.01
0.01
0.01
0.025476962
0.01729647
0.23139063
0.01
0.013217765
0.017165257
0.051341765
0.01
0.18270858
0.5034681
0.44907305
0.09447861
0.01
0.01
0.014380761
0.011579715
0.01
0.01
0.39916205
0.17277153
0.060307615
0.095043845
0.16282071
0.23419857
0.33298814
0.20507373
0.01
0.47601822
0.011550531
0.3104731
0.01
0.01867629
0.014329673
0.01
0.06149987
0.6149101
0.13160038
0.33038372
0.4999
0.01
0.07573188
0.011869469
0.27441505
0.37814587
0.011588581
0.27202064
0.08885086
0.3307898
0.22662206
0.01
0.3304793
0.01
0.014327466
0.01
0.24168533
0.42876083
0.032668848
0.01
0.07547708
0.06653332
0.01
0.036873378
0.01
0.01
0.01
0.06882947
0.2094026
0.01
0.0114060575
0.08631385
0.01
0.01
0.01
0.01
0.01
0.01
0.01
0.01
0.01
0.012346662
0.18285099
0.01
0.01
0.08103338
0.28302312
0.38145697
0.014856194
0.01
0.011672726
0.033502616
0.014895648
0.03446475
0.056137502
0.01
0.046071902
0.06488789
0.21158053
0.02567496
0.045741785
0.01
0.01
0.03452772
0.010131077
0.019448416
0.08069966
0.02070591
0.010290603
0.051988803
0.17623481
0.01
0.01
0.07773654
0.01
0.09341292
0.1846057
0.18190494
0.22014615
0.03882218
0.042155065
0.0187668
0.01
0.02785559
0.09666769
0.03669041
0.06628992
0.06363221
0.013114895
0.016190981
0.067350686
0.01
0.03513847
0.016254213
0.03742057
0.01
0.11083562
0.14778899
0.12695266
0.42244765
0.01
0.35741553
0.13463658
0.040704038
0.4121662
0.01
0.01
0.065773845
0.26899502
0.15145183
0.066115804
0.16175435
0.01
0.030564085
0.43393093
0.01698464
0.023189623
0.010189987
0.01
0.038742065
0.08166367
0.01
0.01
0.01
0.0111837145
0.043332674
0.14038466
0.01
0.16257976
0.01
0.01
0.2494669
0.14180854
0.01
0.83212465
0.07793761
0.024501527
0.01
0.27783448
0.1569777
0.4286858
0.01755035
0.01
0.3126697
0.01
0.01
0.09188641
0.078189395
0.7373309
0.53141826
0.01
0.3922315
0.06604225
0.01
0.01
0.010993665
0.071425095
0.01
0.01
0.01
0.01
0.27717012
0.01
0.20175341
0.01
0.01
0.028562734
0.01
0.11412413
0.010531099
0.01
0.22789876
0.04646139
0.024070533
0.08630268
0.061100274
0.1800265
0.28694367
0.01
0.01
0.013437778
0.01
0.10685547
0.01819257
0.0144077735
0.01
0.01
0.019773992
0.26086417
0.01
0.01
0.06643781
0.07348444
0.01
0.20279008
0.35555652
0.49631894
0.021942083
0.083250135
0.026636623
0.01
0.06686898
0.38148403
0.05620332
0.01
0.01
0.022216037
0.01
0.01
0.07550052
0.19773689
0.02452877
0.01
0.01
0.01
0.06241622
0.01
0.1773956
0.16827904
0.29626334
0.021112451
0.01
0.028009648
0.01
0.17868958
0.038007885
0.01
0.01
0.01
0.0147655485
0.011629277
0.01
0.021177126
0.054710228
0.049617056
0.01898166
0.020687478
0.01
0.09876326
0.013366858
0.01
0.019903854
0.01
0.07365496
0.097445235
0.06717605
0.01
0.01
0.010687288
0.01
0.14218599
0.043100268
0.19534683
0.01
0.44569862
0.01
0.015945558
0.10836225
0.013000914
0.0235048
0.01
0.01256893
0.01
0.020946914
0.03720722
0.078396596
0.029819364
0.01
0.27951133
0.64078975
0.01
0.01
0.04607217
0.01
0.01
0.01
0.01
0.01
0.01
0.026060456
0.1277369
0.01
0.06653168
0.01
0.01
0.01
0.0131867295
0.01
0.06324884
0.01
0.01
0.01
0.01
0.05602878
0.33295116
0.01
0.16571786
0.01
0.01
0.010656949
0.060321722
0.16355748
0.01
0.17257042
0.01
0.01
0.029169325
0.4968669
0.09201943
0.12430402
0.28399044
0.3060845
0.01
0.021662941
0.32794333
0.026247635
0.07268818
0.06447252
0.28066307
0.01
0.021443458
0.1527597
0.029778657
0.01
0.061938092
0.01
0.5651241
0.30669254
0.01
0.01
0.4549335
0.32969612
0.01
0.017261395
0.06149659
0.1343798
0.3448386
0.3041063
0.037883446
0.4564727
0.18008801
0.6882558
0.24356148
0.09320788
0.012243853
0.01
0.02834195
0.06736373
0.016059432
0.01
0.03361995
0.01
0.099529155
0.01
0.01
0.2713012
0.058624618
0.032832254
0.51851684
0.45450822
0.01
0.15036793
0.01
0.031345505
0.1254152
0.122800425
0.026712481
0.01
0.01
0.04858268
0.3729064
0.1648127
0.052758638
0.37525052
0.21280746
0.08222602
0.2375426
0.01
0.022432044
0.4730596
0.032972656
0.43286577
0.3750277
0.01
0.01
0.1694216
0.037585292
0.12904297
0.02261009
0.1107207
0.08189706
0.02734815
0.027239162
0.01
0.045544036
0.01
0.026353957
0.01
0.47686192
0.01
0.01
0.01
0.039641015
0.01
0.01
0.1772756
0.16671228
0.01
0.01
0.09522354
0.01
0.01
0.08033092
0.35149044
0.24617662
0.01
0.01
0.030371118
0.01
0.52891415
0.01127357
0.29429743
0.01
0.01
0.04901096
0.013771893
0.20051971
0.01
0.01
0.01
0.0539162
0.3191739
0.06324624
0.03273814
0.16380018
0.01
0.01
0.01
0.4048406
0.16520897
0.04214043
0.01
0.01
0.010216694
0.15611826
0.13279448
0.013618593
0.020155989
0.010068453
0.036067873
0.01
0.052492995
0.01
0.05411942
0.5415964
0.01
0.01
0.01
0.31411672
0.01
0.038518123
0.04884531
0.017464513
0.01
0.01
0.082324326
0.3062376
0.02368135
0.07902584
0.010755514
0.016706154
0.01
0.012514796
0.01
0.15657702
0.01
0.10000536
0.012846055
0.03194217
0.01
0.17184338
0.01
0.01
0.01
0.09502968
0.01
0.01
0.01
0.01
0.01
0.022670737
0.01
0.01
0.02324787
0.05027211
0.04124213
0.059739683
0.01
0.01
0.01
0.16659066
0.010366557
0.01
0.01
0.05887405
0.03432182
0.06205329
0.013808611
0.01363765
0.031916384
0.01
0.01
0.02583771
0.01
0.01
0.01
0.04106201
0.02318779
0.14701791
0.01
0.026083311
0.15806614
0.67926353
0.5783959
0.44264418
0.066764385
0.01
0.026580127
0.01
0.10186567
0.17537372
0.01
0.045758657
0.68078905
0.18726684
0.02561861
0.037076645
0.02527288
0.024038322
0.04252568
0.01
0.04961725
0.014248669
0.01
0.3738027
0.06498414
0.25456047
0.01
0.01
0.078365356
0.017064422
0.07512768
0.036627986
0.035752386
0.01
0.01
0.010723511
0.055175148
0.01
0.02156521
0.01
0.19928995
0.19762307
0.16588502
0.01
0.022547044
0.01
0.01
0.01
0.20789479
0.10563757
0.03229539
0.23573332
0.026347095
0.08854787
0.33191916
0.039991986
0.5465284
0.6032563
0.2598655
0.01
0.01
0.01
0.20515841
0.2825611
0.015862994
0.02256573
0.01
0.037295356
0.120427616
0.01
0.01
0.01
0.020727132
0.010525474
0.01
0.01
0.025645338
0.011726257
0.01
0.010955138
0.090234675
0.1707988
0.23346883
0.5672408
0.04184718
0.014861443
0.15846752
0.037071534
0.010363724
0.24825566
0.01
0.01
0.01
0.18985268
0.031545624
0.01
0.01
0.14225096
0.010209676
0.01
0.01
0.094545364
0.01
0.01
0.013006012
0.019100267
0.25966305
0.049729794
0.04864257
0.037623342
0.01
0.106754236
0.16871373
0.014774166
0.01
0.01
0.016599722
0.01
0.01
0.01
0.0606267
0.011261161
0.01
0.15211688
0.010890964
0.018049713
0.27369818
0.01
0.01
0.34221047
0.01
0.53414845
0.03092802
0.01
0.01
0.01
0.01
0.15298986
0.01
0.01
0.08383639
0.04747857
0.29625612
0.18012075
0.031113062
0.08325334
0.01
0.12253102
0.05517927
0.07427256
0.01
0.01
0.18927269
0.01
0.031503335
0.018808095
0.042347662
0.01
0.017097494
0.01
0.0796624
0.096243076
0.20944849
0.2618125
0.055933222
0.3055259
0.0632484
0.16756137
0.01
0.01
0.016580803
0.017584238
0.19097292
0.01
0.01741256
0.030171601
0.10049409
0.04790405
0.040696044
0.031011434
0.038353898
0.01
0.03598127
0.010334106
0.8131028
0.28330114
0.017045293
0.058108352
0.015151335
0.01
0.01
0.01
0.025145683
0.11018405
0.01
0.01
0.01
0.035586063
0.01
0.03788012
0.01
0.01
0.01
0.046293594
0.01
0.01
0.11401345
0.01
0.01
0.01203624
0.01
0.01
0.109919235
0.18558605
0.06475019
0.022790356
0.061682336
0.013972256
0.01
0.01
0.0899634
0.2990272
0.013433942
0.029531064
0.01
0.26527017
0.04355759
0.08223746
0.04879304
0.049034912
0.012695837
0.01
0.01
0.01
0.034731578
0.01
0.01
0.038555887
0.16078828
0.15185522
0.18828149
0.013469397
0.38150775
0.022107542
0.01
0.14537801
0.01
0.038169537
0.01
0.01
0.06093041
0.6106721
0.06397666
0.01
0.01
0.31185925
0.07559142
0.12150486
0.41174453
0.01
0.01
0.025001984
0.01
0.014656161
0.080344416
0.07474567
0.01
0.030007303
0.015674783
0.073182024
0.01
0.01
0.66376334
0.01
0.01
0.01
0.01
0.049219336
0.01
0.013156246
0.0111404825
0.01
0.031178137
0.10833429
0.010471117
0.53540844
0.01
0.01
0.024705438
0.01
0.01
0.031148652
0.046447996
0.01
0.01
0.01
0.01
0.01
0.069694065
0.24825627
0.055999406
0.028355056
0.01
0.14839287
0.01
0.01
0.073822536
0.085242346
0.01
0.01
0.029757403
0.03482635
0.010007957
0.01
0.10118897
0.64544713
0.056995925
0.01
0.20281722
0.01
0.01
0.01
0.037362725
0.01
0.01
0.042945635
0.09711423
0.01
0.01
0.014685698
0.04137687
0.22662407
0.05048437
0.01
0.035947908
0.01
0.01
0.01
0.053889148
0.19727316
0.26378345
0.41484815
0.01
0.01
0.03387513
0.01
0.01
0.0101241935
0.013680189
0.01
0.08682652
0.01
0.105595015
0.15831102
0.13160579
0.014950371
0.25304118
0.01
0.010293959
0.13859543
0.011081736
0.01
0.01
0.014512422
0.01
0.41753072
0.0579499
0.01
0.04455612
0.01
0.06550047
0.11696315
0.39322862
0.21715035
0.09322248
0.0434466
0.038929224
0.034458894
0.046701
0.27055073
0.13200557
0.03474414
0.01
0.03219517
0.01
0.0190573
0.043366373
0.01
0.011196077
0.01
0.039633866
0.01
0.029788071
0.01
0.024264894
0.023994958
0.12006574
0.029114518
0.012369634
0.01
0.14474669
0.15019515
0.01
0.01
0.015902428
0.061043788
0.01
0.20971845
0.05452611
0.19570266
0.033472523
0.01
0.25768557
0.012210715
0.01
0.01
0.01
0.587583
0.0129800895
0.3355033
0.030502873
0.24812016
0.01
0.01
0.1244025
0.47699675
0.02229761
0.03450657
0.045421742
0.01
0.038371466
0.01
0.08102655
0.01
0.35015953
0.22195391
0.01
0.04553386
0.01
0.2979148
0.11904781
0.36152837
0.01767806
0.014026201
0.01
0.01
0.01
0.01
0.032766473
0.01
0.05518156
0.01
0.019763172
0.09034506
0.01
0.021305285
0.01414305
0.12300481
0.089988835
0.01
0.01
0.53063315
0.109374896
0.012333034
0.34326062
0.12018924
0.01
0.01
0.01
0.03420671
0.01
0.01
0.09999894
0.01
0.11721277
0.013321311
0.01571569
0.01
0.01
0.21322803
0.041706946
0.13917014
0.01
0.33073673
0.42865568
0.09041824
0.01
0.12448701
0.057568334
0.081125505
0.010353347
0.01
0.40443808
0.01
0.053480763
0.024728572
0.29551435
0.01
0.46998593
0.017623244
0.01
0.11243454
0.01
0.01
0.13237713
0.05174212
0.01
0.01
0.3650892
0.01
0.013458553
0.01
0.07975022
0.1715052
0.099500924
0.08978421
0.01
0.08870548
0.050517958
0.038683034
0.01
0.01862298
0.01
0.01
0.01
0.01
0.01
0.13266203
0.36047673
0.011170608
0.01
0.042366832
0.01
0.01
0.10098797
0.2653175
0.01
0.01
0.01
0.01
0.038885206
0.046105463
0.16369991
0.01
0.01
0.01
0.01
0.04365183
0.011521353
0.11833952
0.08656564
0.03263328
0.01
0.01
0.01
0.016235156
0.45733985
0.26551026
0.01
0.16285433
0.15070054
0.24275774
0.017240549
0.01
0.01
0.13634571
0.063662715
0.046443023
0.021936927
0.01
0.01
0.023424406
0.2027572
0.03902933
0.057025123
0.01
0.01545882
0.014722394
0.22980914
0.04480856
0.10929753
0.01
0.32535994
0.08574258
0.022752376
0.01
0.01
0.01
0.052463435
0.017100155
0.1563229
0.01
0.01
0.01
0.16351706
0.01
0.06623601
0.01
0.01
0.0322456
0.01
0.01
0.074761994
0.01
0.0119473
0.13521548
0.01
0.16723174
0.01
0.01
0.03377709
0.01
0.01
0.33971223
0.01
0.38425997
0.33854547
0.0437271
0.01
0.25130582
0.024446836
0.01
0.031183323
0.01
0.109552994
0.01
0.011008472
0.01
0.030997442
0.01
0.13759433
0.025151573
0.20539767
0.051313534
0.02663388
0.01
0.19861582
0.01
0.01
0.01
0.01
0.16768025
0.019505484
0.040155105
0.049539123
0.038811874
0.36680016
0.13775523
0.01
0.012809705
0.013717248
0.70189667
0.37912756
0.011527976
0.64591277
0.0397068
0.36265007
0.012647819
0.054872237
0.01
0.01
0.01
0.01
0.05557232
0.01
0.015011808
0.01
0.49655515
0.13851717
0.054338515
0.01
0.03466705
0.056307822
0.53524613
0.16741668
0.2677524
0.2683662
0.01
0.0114156855
0.01
0.07301873
0.01
0.17813793
0.01
0.49555895
0.47647765
0.29453534
0.4493085
0.70426065
0.80278987
0.5969741
0.08506399
0.22370103
0.77825713
0.7262442
0.9003863
0.49180347
0.32081538
0.26190573
0.01
0.08627103
0.7822789
0.20712943
0.37647876
0.41673952
0.30414087
0.55571544
0.61060154
0.6267182
0.67736655
0.07395338
0.01
0.01
0.77889943
0.58450145
0.01
0.982615
0.99
0.99
0.06250897
0.16829027
0.50477946
0.01
0.92590004
0.5683609
0.99
0.22101049
0.01
0.99
0.95824194
0.54058677
0.6802647
0.61451876
0.1473845
0.35173243
0.07909205
0.3491839
0.38363612
0.969104
0.8919266
0.21141881
0.47065297
0.98824453
0.0721821
0.07062675
0.4906172
0.07625132
0.06331188
0.48067603
0.52043736
0.81616443
0.01
0.056897037
0.018642237
0.01646938
0.9868901
0.8969097
0.011125701
0.7468178
0.80866796
0.24129966
0.90883905
0.5971495
0.80934113
0.6687654
0.6941543
0.99
0.01
0.51686317
0.7975296
0.7557218
0.26194176
0.29749334
0.1607046
0.57605135
0.01
0.01
0.91229546
0.4781175
0.72789896
0.19353157
0.3177025
0.28981024
0.540971
0.18396279
0.09168075
0.96076584
0.9787891
0.99
0.99
0.44799918
0.09261035
0.9465653
0.99
0.6934189
0.99
0.3826636
0.69708264
0.8413817
0.930938
0.064119965
0.8844843
0.65161264
0.5570058
0.6496087
0.661697
0.87324744
0.8012951
0.20586233
0.07324168
0.15461645
0.50286424
0.17098066
0.41666052
0.13511622
0.18559802
0.15753424
0.16007794
0.05215469
0.036440033
0.06776542
0.01
0.25479424
0.57325065
0.4716973
0.20214182
0.49118575
0.108328894
0.472942
0.42276165
0.059679177
0.4000805
0.031865638
0.9221827
0.03570482
0.48822287
0.0274764
0.5980932
0.28072798
0.6633194
0.6054469
0.4783548
0.015432142
0.013829718
0.045042466
0.7922061
0.8002413
0.30943567
0.09400616
0.047668573
0.71397126
0.6457243
0.039607912
0.7392114
0.76143324
0.58322686
0.9818875
0.8297234
0.01
0.19123091
0.554018
0.38383943
0.76909834
0.28006098
0.67172515
0.01
0.43095618
0.11533345
0.7625743
0.016906241
0.13168563
0.14934522
0.54593104
0.55985624
0.530597
0.7434612
0.4540037
0.38339236
0.62812746
0.41031533
0.53636545
0.6023585
0.3706149
0.19351253
0.062436897
0.07574569
0.96095407
0.99
0.08486584
0.15908812
0.09179098
0.36476326
0.51182145
0.7016769
0.41827157
0.5185764
0.09841107
0.43275592
0.7215752
0.8520026
0.018329278
0.01
0.31966892
0.04072987
0.99
0.94947267
0.9516096
0.013332716
0.09992449
0.9244949
0.9606326
0.1599923
0.3063603
0.12642148
0.06315193
0.97981435
0.6884266
0.34903374
0.01583581
0.22552699
0.8005103
0.10147118
0.5998545
0.30436006
0.16470334
0.7958429
0.5090226
0.81008184
0.63889575
0.9338555
0.91864777
0.92518365
0.9271069
0.96954644
0.7317087
0.82100123
0.64658004
0.13351046
0.92950875
0.048827354
0.9851033
0.15836626
0.015514133
0.68536776
0.22976138
0.27765065
0.44690868
0.15084684
0.3664437
0.22337821
0.5033077
0.5466341
0.59890115
0.87510103
0.7151726
0.46721694
0.55929774
0.47108105
0.74909407
0.1224226
0.8655446
0.10654791
0.20773488
0.5477704
0.069256626
0.63499254
0.62660956
0.01
0.99
0.99
0.99
0.7594912
0.18393262
0.01
0.28544804
0.04951139
0.3431503
0.58358014
0.9510569
0.99
0.99
0.52200377
0.3207109
0.60297495
0.6117244
0.83139455
0.651035
0.54100627
0.05104335
0.40652493
0.45085043
0.9638187
0.9750295
0.98915625
0.99
0.98824453
0.9737395
0.505765
0.66102415
0.9476646
0.7541899
0.6627352
0.96445304
0.9712115
0.99
0.54775745
0.75066197
0.77328044
0.02639975
0.9452571
0.9260921
0.99
0.9822989
0.68055296
0.50552094
0.9892323
0.27642158
0.31931272
0.116752096
0.96798855
0.22696348
0.01
0.016344735
0.011690976
0.26661742
0.55993366
0.14907278
0.56412
0.49320933
0.31873396
0.38031203
0.052697234
0.9353575
0.013515424
0.31830612
0.24866664
0.013428665
0.0971628
0.17141469
0.5864026
0.0339434
0.39341158
0.99
0.99
0.061678212
0.9886481
